0,0
0.01,0.0234354
0.02,0.0234358
0.03,0.0234364
0.04,0.0234373
0.05,0.0234384
0.06,0.0234398
0.07,0.0234413
0.08,0.0234431
0.09,0.0234451
0.1,0.0234474
0.11,0.0234498
0.12,0.0234523
0.13,0.0234551
0.14,0.023458
0.15,0.0234611
0.16,0.0234643
0.17,0.0234676
0.18,0.0234711
0.19,0.0234746
0.2,0.0234783
0.21,0.0234821
0.22,0.023486
0.23,0.0234899
0.24,0.0234939
0.25,0.023498
0.26,0.0235022
0.27,0.0235064
0.28,0.0235107
0.29,0.023515
0.3,0.0235193
0.31,0.0235237
0.32,0.0235282
0.33,0.0235326
0.34,0.0235371
0.35,0.0235416
0.36,0.0235461
0.37,0.0235507
0.38,0.0235552
0.39,0.0235598
0.4,0.0235644
0.41,0.0235689
0.42,0.0235735
0.43,0.0235781
0.44,0.0235827
0.45,0.0235873
0.46,0.0235919
0.47,0.0235965
0.48,0.023601
0.49,0.0236056
0.5,0.0236102
0.51,0.0236147
0.52,0.0236193
0.53,0.0236238
0.54,0.0236283
0.55,0.0236328
0.56,0.0236373
0.57,0.0236418
0.58,0.0236463
0.59,0.0236507
0.6,0.0236552
0.61,0.0236596
0.62,0.023664
0.63,0.0236684
0.64,0.0236727
0.65,0.0236771
0.66,0.0236814
0.67,0.0236857
0.68,0.0236899
0.69,0.0236942
0.7,0.0236984
0.71,0.0237026
0.72,0.0237068
0.73,0.023711
0.74,0.0237151
0.75,0.0237192
0.76,0.0237233
0.77,0.0237274
0.78,0.0237314
0.79,0.0237355
0.8,0.0237394
0.81,0.0237434
0.82,0.0237473
0.83,0.0237513
0.84,0.0237551
0.85,0.023759
0.86,0.0237628
0.87,0.0237666
0.88,0.0237704
0.89,0.0237742
0.9,0.0237779
0.91,0.0237816
0.92,0.0237853
0.93,0.0237889
0.94,0.0237925
0.95,0.0237961
0.96,0.0237996
0.97,0.0238032
0.98,0.0238067
0.99,0.0238101
1,0.0238136
1.01,0.023817
1.02,0.0238204
1.03,0.0238237
1.04,0.023827
1.05,0.0238303
1.06,0.0238336
1.07,0.0238368
1.08,0.02384
1.09,0.0238432
1.1,0.0238463
1.11,0.0238494
1.12,0.0238525
1.13,0.0238556
1.14,0.0238586
1.15,0.0238616
1.16,0.0238645
1.17,0.0238675
1.18,0.0238704
1.19,0.0238732
1.2,0.0238761
1.21,0.0238789
1.22,0.0238816
1.23,0.0238844
1.24,0.0238871
1.25,0.0238898
1.26,0.0238924
1.27,0.023895
1.28,0.0238976
1.29,0.0239002
1.3,0.0239027
1.31,0.0239052
1.32,0.0239077
1.33,0.0239101
1.34,0.0239125
1.35,0.0239149
1.36,0.0239172
1.37,0.0239195
1.38,0.0239218
1.39,0.023924
1.4,0.0239262
1.41,0.0239284
1.42,0.0239305
1.43,0.0239326
1.44,0.0239347
1.45,0.0239368
1.46,0.0239388
1.47,0.0239408
1.48,0.0239427
1.49,0.0239446
1.5,0.0239465
1.51,0.0239484
1.52,0.0239502
1.53,0.023952
1.54,0.0239537
1.55,0.0239555
1.56,0.0239572
1.57,0.0239588
1.58,0.0239604
1.59,0.023962
1.6,0.0239636
1.61,0.0239651
1.62,0.0239666
1.63,0.0239681
1.64,0.0239695
1.65,0.0239709
1.66,0.0239723
1.67,0.0239736
1.68,0.0239749
1.69,0.0239762
1.7,0.0239774
1.71,0.0239786
1.72,0.0239798
1.73,0.0239809
1.74,0.023982
1.75,0.0239831
1.76,0.0239842
1.77,0.0239852
1.78,0.0239861
1.79,0.0239871
1.8,0.023988
1.81,0.0239889
1.82,0.0239897
1.83,0.0239905
1.84,0.0239913
1.85,0.023992
1.86,0.0239927
1.87,0.0239934
1.88,0.0239941
1.89,0.0239947
1.9,0.0239952
1.91,0.0239958
1.92,0.0239963
1.93,0.0239968
1.94,0.0239972
1.95,0.0239976
1.96,0.023998
1.97,0.0239984
1.98,0.0239987
1.99,0.023999
2,0.0239992
2.01,0.0239994
2.02,0.0239996
2.03,0.0239997
2.04,0.0239999
2.05,0.0239999
2.06,0.024
2.07,0.024
2.08,0.024
2.09,0.0239999
2.1,0.0239998
2.11,0.0239997
2.12,0.0239996
2.13,0.0239994
2.14,0.0239992
2.15,0.0239989
2.16,0.0239986
2.17,0.0239983
2.18,0.023998
2.19,0.0239976
2.2,0.0239972
2.21,0.0239967
2.22,0.0239962
2.23,0.0239957
2.24,0.0239952
2.25,0.0239946
2.26,0.023994
2.27,0.0239933
2.28,0.0239926
2.29,0.0239919
2.3,0.0239912
2.31,0.0239904
2.32,0.0239896
2.33,0.0239887
2.34,0.0239878
2.35,0.0239869
2.36,0.023986
2.37,0.023985
2.38,0.023984
2.39,0.0239829
2.4,0.0239818
2.41,0.0239807
2.42,0.0239796
2.43,0.0239784
2.44,0.0239772
2.45,0.0239759
2.46,0.0239747
2.47,0.0239733
2.48,0.023972
2.49,0.0239706
2.5,0.0239692
2.51,0.0239677
2.52,0.0239663
2.53,0.0239647
2.54,0.0239632
2.55,0.0239616
2.56,0.02396
2.57,0.0239584
2.58,0.0239567
2.59,0.023955
2.6,0.0239532
2.61,0.0239514
2.62,0.0239496
2.63,0.0239478
2.64,0.0239459
2.65,0.023944
2.66,0.023942
2.67,0.02394
2.68,0.023938
2.69,0.023936
2.7,0.0239339
2.71,0.0239318
2.72,0.0239297
2.73,0.0239275
2.74,0.0239253
2.75,0.023923
2.76,0.0239207
2.77,0.0239184
2.78,0.0239161
2.79,0.0239137
2.8,0.0239113
2.81,0.0239089
2.82,0.0239064
2.83,0.0239039
2.84,0.0239013
2.85,0.0238987
2.86,0.0238961
2.87,0.0238935
2.88,0.0238908
2.89,0.0238881
2.9,0.0238854
2.91,0.0238826
2.92,0.0238798
2.93,0.023877
2.94,0.0238741
2.95,0.0238712
2.96,0.0238682
2.97,0.0238653
2.98,0.0238623
2.99,0.0238592
3,0.0238561
3.01,0.023853
3.02,0.0238499
3.03,0.0238467
3.04,0.0238435
3.05,0.0238403
3.06,0.023837
3.07,0.0238337
3.08,0.0238304
3.09,0.023827
3.1,0.0238236
3.11,0.0238202
3.12,0.0238167
3.13,0.0238132
3.14,0.0238097
3.15,0.0238062
3.16,0.0238026
3.17,0.0237989
3.18,0.0237953
3.19,0.0237916
3.2,0.0237878
3.21,0.0237841
3.22,0.0237803
3.23,0.0237765
3.24,0.0237726
3.25,0.0237687
3.26,0.0237648
3.27,0.0237609
3.28,0.0237569
3.29,0.0237528
3.3,0.0237488
3.31,0.0237447
3.32,0.0237406
3.33,0.0237364
3.34,0.0237323
3.35,0.0237281
3.36,0.0237238
3.37,0.0237195
3.38,0.0237152
3.39,0.0237109
3.4,0.0237065
3.41,0.0237021
3.42,0.0236977
3.43,0.0236932
3.44,0.0236887
3.45,0.0236841
3.46,0.0236796
3.47,0.023675
3.48,0.0236703
3.49,0.0236657
3.5,0.023661
3.51,0.0236562
3.52,0.0236515
3.53,0.0236467
3.54,0.0236419
3.55,0.023637
3.56,0.0236321
3.57,0.0236272
3.58,0.0236222
3.59,0.0236172
3.6,0.0236122
3.61,0.0236072
3.62,0.0236021
3.63,0.023597
3.64,0.0235918
3.65,0.0235867
3.66,0.0235815
3.67,0.0235762
3.68,0.0235709
3.69,0.0235656
3.7,0.0235603
3.71,0.0235549
3.72,0.0235495
3.73,0.0235441
3.74,0.0235386
3.75,0.0235331
3.76,0.0235276
3.77,0.0235221
3.78,0.0235165
3.79,0.0235108
3.8,0.0235052
3.81,0.0234995
3.82,0.0234938
3.83,0.023488
3.84,0.0234823
3.85,0.0234765
3.86,0.0234706
3.87,0.0234647
3.88,0.0234588
3.89,0.0234529
3.9,0.0234469
3.91,0.0234409
3.92,0.0234349
3.93,0.0234288
3.94,0.0234228
3.95,0.0234166
3.96,0.0234105
3.97,0.0234043
3.98,0.0233981
3.99,0.0233918
4,0.0233855
4.01,0.0233792
4.02,0.0233729
4.03,0.0233665
4.04,0.0233601
4.05,0.0233537
4.06,0.0233472
4.07,0.0233407
4.08,0.0233342
4.09,0.0233276
4.1,0.0233211
4.11,0.0233144
4.12,0.0233078
4.13,0.0233011
4.14,0.0232944
4.15,0.0232877
4.16,0.0232809
4.17,0.0232741
4.18,0.0232673
4.19,0.0232604
4.2,0.0232535
4.21,0.0232466
4.22,0.0232396
4.23,0.0232326
4.24,0.0232256
4.25,0.0232186
4.26,0.0232115
4.27,0.0232044
4.28,0.0231973
4.29,0.0231901
4.3,0.0231829
4.31,0.0231757
4.32,0.0231684
4.33,0.0231611
4.34,0.0231538
4.35,0.0231465
4.36,0.0231391
4.37,0.0231317
4.38,0.0231242
4.39,0.0231168
4.4,0.0231093
4.41,0.0231017
4.42,0.0230942
4.43,0.0230866
4.44,0.023079
4.45,0.0230713
4.46,0.0230636
4.47,0.0230559
4.48,0.0230482
4.49,0.0230404
4.5,0.0230326
4.51,0.0230248
4.52,0.023017
4.53,0.0230091
4.54,0.0230012
4.55,0.0229932
4.56,0.0229852
4.57,0.0229772
4.58,0.0229692
4.59,0.0229612
4.6,0.0229531
4.61,0.0229449
4.62,0.0229368
4.63,0.0229286
4.64,0.0229204
4.65,0.0229122
4.66,0.0229039
4.67,0.0228956
4.68,0.0228873
4.69,0.0228789
4.7,0.0228706
4.71,0.0228621
4.72,0.0228537
4.73,0.0228452
4.74,0.0228367
4.75,0.0228282
4.76,0.0228197
4.77,0.0228111
4.78,0.0228025
4.79,0.0227938
4.8,0.0227852
4.81,0.0227765
4.82,0.0227677
4.83,0.022759
4.84,0.0227502
4.85,0.0227414
4.86,0.0227325
4.87,0.0227237
4.88,0.0227148
4.89,0.0227059
4.9,0.0226969
4.91,0.0226879
4.92,0.0226789
4.93,0.0226699
4.94,0.0226608
4.95,0.0226517
4.96,0.0226426
4.97,0.0226334
4.98,0.0226243
4.99,0.0226151
5,0.0226058
5.01,0.0225966
5.02,0.0225873
5.03,0.022578
5.04,0.0225686
5.05,0.0225592
5.06,0.0225498
5.07,0.0225404
5.08,0.022531
5.09,0.0225215
5.1,0.022512
5.11,0.0225024
5.12,0.0224929
5.13,0.0224833
5.14,0.0224736
5.15,0.022464
5.16,0.0224543
5.17,0.0224446
5.18,0.0224349
5.19,0.0224251
5.2,0.0224153
5.21,0.0224055
5.22,0.0223957
5.23,0.0223858
5.24,0.0223759
5.25,0.022366
5.26,0.0223561
5.27,0.0223461
5.28,0.0223361
5.29,0.0223261
5.3,0.022316
5.31,0.0223059
5.32,0.0222958
5.33,0.0222857
5.34,0.0222755
5.35,0.0222653
5.36,0.0222551
5.37,0.0222449
5.38,0.0222346
5.39,0.0222243
5.4,0.022214
5.41,0.0222037
5.42,0.0221933
5.43,0.0221829
5.44,0.0221725
5.45,0.022162
5.46,0.0221516
5.47,0.0221411
5.48,0.0221305
5.49,0.02212
5.5,0.0221094
5.51,0.0220988
5.52,0.0220882
5.53,0.0220775
5.54,0.0220668
5.55,0.0220561
5.56,0.0220454
5.57,0.0220346
5.58,0.0220238
5.59,0.022013
5.6,0.0220022
5.61,0.0219913
5.62,0.0219804
5.63,0.0219695
5.64,0.0219586
5.65,0.0219476
5.66,0.0219366
5.67,0.0219256
5.68,0.0219146
5.69,0.0219035
5.7,0.0218924
5.71,0.0218813
5.72,0.0218702
5.73,0.021859
5.74,0.0218478
5.75,0.0218366
5.76,0.0218254
5.77,0.0218141
5.78,0.0218028
5.79,0.0217915
5.8,0.0217802
5.81,0.0217688
5.82,0.0217574
5.83,0.021746
5.84,0.0217346
5.85,0.0217231
5.86,0.0217116
5.87,0.0217001
5.88,0.0216886
5.89,0.021677
5.9,0.0216654
5.91,0.0216538
5.92,0.0216422
5.93,0.0216305
5.94,0.0216189
5.95,0.0216072
5.96,0.0215954
5.97,0.0215837
5.98,0.0215719
5.99,0.0215601
6,0.0215483
6.01,0.0215364
6.02,0.0215246
6.03,0.0215127
6.04,0.0215008
6.05,0.0214888
6.06,0.0214769
6.07,0.0214649
6.08,0.0214529
6.09,0.0214408
6.1,0.0214288
6.11,0.0214167
6.12,0.0214046
6.13,0.0213925
6.14,0.0213803
6.15,0.0213682
6.16,0.021356
6.17,0.0213437
6.18,0.0213315
6.19,0.0213192
6.2,0.021307
6.21,0.0212946
6.22,0.0212823
6.23,0.02127
6.24,0.0212576
6.25,0.0212452
6.26,0.0212328
6.27,0.0212203
6.28,0.0212079
6.29,0.0211954
6.3,0.0211829
6.31,0.0211703
6.32,0.0211578
6.33,0.0211452
6.34,0.0211326
6.35,0.02112
6.36,0.0211073
6.37,0.0210947
6.38,0.021082
6.39,0.0210693
6.4,0.0210565
6.41,0.0210438
6.42,0.021031
6.43,0.0210182
6.44,0.0210054
6.45,0.0209925
6.46,0.0209797
6.47,0.0209668
6.48,0.0209539
6.49,0.020941
6.5,0.020928
6.51,0.020915
6.52,0.0209021
6.53,0.020889
6.54,0.020876
6.55,0.020863
6.56,0.0208499
6.57,0.0208368
6.58,0.0208237
6.59,0.0208105
6.6,0.0207974
6.61,0.0207842
6.62,0.020771
6.63,0.0207578
6.64,0.0207445
6.65,0.0207313
6.66,0.020718
6.67,0.0207047
6.68,0.0206914
6.69,0.020678
6.7,0.0206647
6.71,0.0206513
6.72,0.0206379
6.73,0.0206244
6.74,0.020611
6.75,0.0205975
6.76,0.020584
6.77,0.0205705
6.78,0.020557
6.79,0.0205435
6.8,0.0205299
6.81,0.0205163
6.82,0.0205027
6.83,0.0204891
6.84,0.0204755
6.85,0.0204618
6.86,0.0204481
6.87,0.0204344
6.88,0.0204207
6.89,0.0204069
6.9,0.0203932
6.91,0.0203794
6.92,0.0203656
6.93,0.0203518
6.94,0.020338
6.95,0.0203241
6.96,0.0203102
6.97,0.0202963
6.98,0.0202824
6.99,0.0202685
7,0.0202545
7.01,0.0202406
7.02,0.0202266
7.03,0.0202126
7.04,0.0201985
7.05,0.0201845
7.06,0.0201704
7.07,0.0201564
7.08,0.0201423
7.09,0.0201281
7.1,0.020114
7.11,0.0200999
7.12,0.0200857
7.13,0.0200715
7.14,0.0200573
7.15,0.0200431
7.16,0.0200288
7.17,0.0200145
7.18,0.0200003
7.19,0.019986
7.2,0.0199717
7.21,0.0199573
7.22,0.019943
7.23,0.0199286
7.24,0.0199142
7.25,0.0198998
7.26,0.0198854
7.27,0.019871
7.28,0.0198565
7.29,0.019842
7.3,0.0198275
7.31,0.019813
7.32,0.0197985
7.33,0.019784
7.34,0.0197694
7.35,0.0197548
7.36,0.0197402
7.37,0.0197256
7.38,0.019711
7.39,0.0196964
7.4,0.0196817
7.41,0.019667
7.42,0.0196523
7.43,0.0196376
7.44,0.0196229
7.45,0.0196081
7.46,0.0195934
7.47,0.0195786
7.48,0.0195638
7.49,0.019549
7.5,0.0195342
7.51,0.0195193
7.52,0.0195045
7.53,0.0194896
7.54,0.0194747
7.55,0.0194598
7.56,0.0194449
7.57,0.01943
7.58,0.019415
7.59,0.0194001
7.6,0.0193851
7.61,0.0193701
7.62,0.0193551
7.63,0.01934
7.64,0.019325
7.65,0.0193099
7.66,0.0192949
7.67,0.0192798
7.68,0.0192647
7.69,0.0192495
7.7,0.0192344
7.71,0.0192193
7.72,0.0192041
7.73,0.0191889
7.74,0.0191737
7.75,0.0191585
7.76,0.0191433
7.77,0.019128
7.78,0.0191128
7.79,0.0190975
7.8,0.0190822
7.81,0.0190669
7.82,0.0190516
7.83,0.0190363
7.84,0.019021
7.85,0.0190056
7.86,0.0189902
7.87,0.0189748
7.88,0.0189594
7.89,0.018944
7.9,0.0189286
7.91,0.0189132
7.92,0.0188977
7.93,0.0188822
7.94,0.0188668
7.95,0.0188513
7.96,0.0188358
7.97,0.0188202
7.98,0.0188047
7.99,0.0187892
8,0.0187736
8.01,0.018758
8.02,0.0187424
8.03,0.0187268
8.04,0.0187112
8.05,0.0186956
8.06,0.0186799
8.07,0.0186643
8.08,0.0186486
8.09,0.0186329
8.1,0.0186172
8.11,0.0186015
8.12,0.0185858
8.13,0.0185701
8.14,0.0185543
8.15,0.0185386
8.16,0.0185228
8.17,0.018507
8.18,0.0184912
8.19,0.0184754
8.2,0.0184596
8.21,0.0184438
8.22,0.0184279
8.23,0.0184121
8.24,0.0183962
8.25,0.0183803
8.26,0.0183644
8.27,0.0183485
8.28,0.0183326
8.29,0.0183167
8.3,0.0183007
8.31,0.0182848
8.32,0.0182688
8.33,0.0182528
8.34,0.0182368
8.35,0.0182208
8.36,0.0182048
8.37,0.0181888
8.38,0.0181728
8.39,0.0181567
8.4,0.0181407
8.41,0.0181246
8.42,0.0181085
8.43,0.0180924
8.44,0.0180763
8.45,0.0180602
8.46,0.0180441
8.47,0.018028
8.48,0.0180118
8.49,0.0179957
8.5,0.0179795
8.51,0.0179633
8.52,0.0179472
8.53,0.017931
8.54,0.0179148
8.55,0.0178985
8.56,0.0178823
8.57,0.0178661
8.58,0.0178498
8.59,0.0178336
8.6,0.0178173
8.61,0.017801
8.62,0.0177847
8.63,0.0177684
8.64,0.0177521
8.65,0.0177358
8.66,0.0177195
8.67,0.0177031
8.68,0.0176868
8.69,0.0176704
8.7,0.0176541
8.71,0.0176377
8.72,0.0176213
8.73,0.0176049
8.74,0.0175885
8.75,0.0175721
8.76,0.0175556
8.77,0.0175392
8.78,0.0175228
8.79,0.0175063
8.8,0.0174899
8.81,0.0174734
8.82,0.0174569
8.83,0.0174404
8.84,0.0174239
8.85,0.0174074
8.86,0.0173909
8.87,0.0173744
8.88,0.0173579
8.89,0.0173413
8.9,0.0173248
8.91,0.0173082
8.92,0.0172916
8.93,0.0172751
8.94,0.0172585
8.95,0.0172419
8.96,0.0172253
8.97,0.0172087
8.98,0.0171921
8.99,0.0171755
9,0.0171588
9.01,0.0171422
9.02,0.0171255
9.03,0.0171089
9.04,0.0170922
9.05,0.0170756
9.06,0.0170589
9.07,0.0170422
9.08,0.0170255
9.09,0.0170088
9.1,0.0169921
9.11,0.0169754
9.12,0.0169587
9.13,0.0169419
9.14,0.0169252
9.15,0.0169084
9.16,0.0168917
9.17,0.0168749
9.18,0.0168582
9.19,0.0168414
9.2,0.0168246
9.21,0.0168078
9.22,0.016791
9.23,0.0167742
9.24,0.0167574
9.25,0.0167406
9.26,0.0167238
9.27,0.016707
9.28,0.0166901
9.29,0.0166733
9.3,0.0166565
9.31,0.0166396
9.32,0.0166228
9.33,0.0166059
9.34,0.016589
9.35,0.0165722
9.36,0.0165553
9.37,0.0165384
9.38,0.0165215
9.39,0.0165046
9.4,0.0164877
9.41,0.0164708
9.42,0.0164539
9.43,0.0164369
9.44,0.01642
9.45,0.0164031
9.46,0.0163861
9.47,0.0163692
9.48,0.0163522
9.49,0.0163353
9.5,0.0163183
9.51,0.0163014
9.52,0.0162844
9.53,0.0162674
9.54,0.0162504
9.55,0.0162334
9.56,0.0162165
9.57,0.0161995
9.58,0.0161825
9.59,0.0161655
9.6,0.0161484
9.61,0.0161314
9.62,0.0161144
9.63,0.0160974
9.64,0.0160804
9.65,0.0160633
9.66,0.0160463
9.67,0.0160292
9.68,0.0160122
9.69,0.0159951
9.7,0.0159781
9.71,0.015961
9.72,0.015944
9.73,0.0159269
9.74,0.0159098
9.75,0.0158927
9.76,0.0158757
9.77,0.0158586
9.78,0.0158415
9.79,0.0158244
9.8,0.0158073
9.81,0.0157902
9.82,0.0157731
9.83,0.015756
9.84,0.0157389
9.85,0.0157218
9.86,0.0157047
9.87,0.0156876
9.88,0.0156704
9.89,0.0156533
9.9,0.0156362
9.91,0.015619
9.92,0.0156019
9.93,0.0155848
9.94,0.0155676
9.95,0.0155505
9.96,0.0155333
9.97,0.0155162
9.98,0.015499
9.99,0.0154819
10,0.0154647
10.01,0.0154476
10.02,0.0154304
10.03,0.0154132
10.04,0.0153961
10.05,0.0153789
10.06,0.0153617
10.07,0.0153445
10.08,0.0153274
10.09,0.0153102
10.1,0.015293
10.11,0.0152758
10.12,0.0152586
10.13,0.0152414
10.14,0.0152243
10.15,0.0152071
10.16,0.0151899
10.17,0.0151727
10.18,0.0151555
10.19,0.0151383
10.2,0.0151211
10.21,0.0151039
10.22,0.0150867
10.23,0.0150695
10.24,0.0150523
10.25,0.0150351
10.26,0.0150178
10.27,0.0150006
10.28,0.0149834
10.29,0.0149662
10.3,0.014949
10.31,0.0149318
10.32,0.0149146
10.33,0.0148973
10.34,0.0148801
10.35,0.0148629
10.36,0.0148457
10.37,0.0148285
10.38,0.0148112
10.39,0.014794
10.4,0.0147768
10.41,0.0147596
10.42,0.0147423
10.43,0.0147251
10.44,0.0147079
10.45,0.0146907
10.46,0.0146734
10.47,0.0146562
10.48,0.014639
10.49,0.0146218
10.5,0.0146045
10.51,0.0145873
10.52,0.0145701
10.53,0.0145528
10.54,0.0145356
10.55,0.0145184
10.56,0.0145012
10.57,0.0144839
10.58,0.0144667
10.59,0.0144495
10.6,0.0144322
10.61,0.014415
10.62,0.0143978
10.63,0.0143806
10.64,0.0143633
10.65,0.0143461
10.66,0.0143289
10.67,0.0143117
10.68,0.0142944
10.69,0.0142772
10.7,0.01426
10.71,0.0142428
10.72,0.0142256
10.73,0.0142083
10.74,0.0141911
10.75,0.0141739
10.76,0.0141567
10.77,0.0141395
10.78,0.0141223
10.79,0.014105
10.8,0.0140878
10.81,0.0140706
10.82,0.0140534
10.83,0.0140362
10.84,0.014019
10.85,0.0140018
10.86,0.0139846
10.87,0.0139674
10.88,0.0139502
10.89,0.013933
10.9,0.0139158
10.91,0.0138986
10.92,0.0138814
10.93,0.0138642
10.94,0.013847
10.95,0.0138298
10.96,0.0138127
10.97,0.0137955
10.98,0.0137783
10.99,0.0137611
11,0.0137439
11.01,0.0137268
11.02,0.0137096
11.03,0.0136924
11.04,0.0136753
11.05,0.0136581
11.06,0.0136409
11.07,0.0136238
11.08,0.0136066
11.09,0.0135894
11.1,0.0135723
11.11,0.0135551
11.12,0.013538
11.13,0.0135209
11.14,0.0135037
11.15,0.0134866
11.16,0.0134694
11.17,0.0134523
11.18,0.0134352
11.19,0.013418
11.2,0.0134009
11.21,0.0133838
11.22,0.0133667
11.23,0.0133496
11.24,0.0133325
11.25,0.0133153
11.26,0.0132982
11.27,0.0132811
11.28,0.013264
11.29,0.0132469
11.3,0.0132299
11.31,0.0132128
11.32,0.0131957
11.33,0.0131786
11.34,0.0131615
11.35,0.0131445
11.36,0.0131274
11.37,0.0131103
11.38,0.0130933
11.39,0.0130762
11.4,0.0130591
11.41,0.0130421
11.42,0.013025
11.43,0.013008
11.44,0.012991
11.45,0.0129739
11.46,0.0129569
11.47,0.0129399
11.48,0.0129229
11.49,0.0129058
11.5,0.0128888
11.51,0.0128718
11.52,0.0128548
11.53,0.0128378
11.54,0.0128208
11.55,0.0128038
11.56,0.0127868
11.57,0.0127699
11.58,0.0127529
11.59,0.0127359
11.6,0.012719
11.61,0.012702
11.62,0.012685
11.63,0.0126681
11.64,0.0126511
11.65,0.0126342
11.66,0.0126173
11.67,0.0126003
11.68,0.0125834
11.69,0.0125665
11.7,0.0125496
11.71,0.0125326
11.72,0.0125157
11.73,0.0124988
11.74,0.0124819
11.75,0.012465
11.76,0.0124482
11.77,0.0124313
11.78,0.0124144
11.79,0.0123975
11.8,0.0123807
11.81,0.0123638
11.82,0.012347
11.83,0.0123301
11.84,0.0123133
11.85,0.0122964
11.86,0.0122796
11.87,0.0122628
11.88,0.012246
11.89,0.0122292
11.9,0.0122124
11.91,0.0121956
11.92,0.0121788
11.93,0.012162
11.94,0.0121452
11.95,0.0121284
11.96,0.0121117
11.97,0.0120949
11.98,0.0120781
11.99,0.0120614
12,0.0120446
12.01,0.0120279
12.02,0.0120112
12.03,0.0119945
12.04,0.0119777
12.05,0.011961
12.06,0.0119443
12.07,0.0119276
12.08,0.0119109
12.09,0.0118943
12.1,0.0118776
12.11,0.0118609
12.12,0.0118442
12.13,0.0118276
12.14,0.0118109
12.15,0.0117943
12.16,0.0117777
12.17,0.011761
12.18,0.0117444
12.19,0.0117278
12.2,0.0117112
12.21,0.0116946
12.22,0.011678
12.23,0.0116614
12.24,0.0116448
12.25,0.0116282
12.26,0.0116117
12.27,0.0115951
12.28,0.0115786
12.29,0.011562
12.3,0.0115455
12.31,0.011529
12.32,0.0115124
12.33,0.0114959
12.34,0.0114794
12.35,0.0114629
12.36,0.0114464
12.37,0.01143
12.38,0.0114135
12.39,0.011397
12.4,0.0113806
12.41,0.0113641
12.42,0.0113477
12.43,0.0113312
12.44,0.0113148
12.45,0.0112984
12.46,0.011282
12.47,0.0112656
12.48,0.0112492
12.49,0.0112328
12.5,0.0112164
12.51,0.0112
12.52,0.0111837
12.53,0.0111673
12.54,0.011151
12.55,0.0111346
12.56,0.0111183
12.57,0.011102
12.58,0.0110857
12.59,0.0110694
12.6,0.0110531
12.61,0.0110368
12.62,0.0110205
12.63,0.0110042
12.64,0.010988
12.65,0.0109717
12.66,0.0109555
12.67,0.0109392
12.68,0.010923
12.69,0.0109068
12.7,0.0108906
12.71,0.0108744
12.72,0.0108582
12.73,0.010842
12.74,0.0108258
12.75,0.0108097
12.76,0.0107935
12.77,0.0107774
12.78,0.0107612
12.79,0.0107451
12.8,0.010729
12.81,0.0107129
12.82,0.0106968
12.83,0.0106807
12.84,0.0106646
12.85,0.0106485
12.86,0.0106325
12.87,0.0106164
12.88,0.0106004
12.89,0.0105843
12.9,0.0105683
12.91,0.0105523
12.92,0.0105363
12.93,0.0105203
12.94,0.0105043
12.95,0.0104883
12.96,0.0104723
12.97,0.0104564
12.98,0.0104404
12.99,0.0104245
13,0.0104086
13.01,0.0103927
13.02,0.0103767
13.03,0.0103608
13.04,0.010345
13.05,0.0103291
13.06,0.0103132
13.07,0.0102973
13.08,0.0102815
13.09,0.0102656
13.1,0.0102498
13.11,0.010234
13.12,0.0102182
13.13,0.0102024
13.14,0.0101866
13.15,0.0101708
13.16,0.010155
13.17,0.0101393
13.18,0.0101235
13.19,0.0101078
13.2,0.0100921
13.21,0.0100764
13.22,0.0100606
13.23,0.0100449
13.24,0.0100293
13.25,0.0100136
13.26,0.00999792
13.27,0.00998226
13.28,0.00996662
13.29,0.00995098
13.3,0.00993536
13.31,0.00991974
13.32,0.00990414
13.33,0.00988855
13.34,0.00987297
13.35,0.0098574
13.36,0.00984184
13.37,0.00982629
13.38,0.00981075
13.39,0.00979522
13.4,0.00977971
13.41,0.0097642
13.42,0.00974871
13.43,0.00973322
13.44,0.00971775
13.45,0.00970229
13.46,0.00968684
13.47,0.0096714
13.48,0.00965597
13.49,0.00964055
13.5,0.00962515
13.51,0.00960975
13.52,0.00959437
13.53,0.009579
13.54,0.00956363
13.55,0.00954828
13.56,0.00953294
13.57,0.00951762
13.58,0.0095023
13.59,0.009487
13.6,0.0094717
13.61,0.00945642
13.62,0.00944115
13.63,0.00942589
13.64,0.00941064
13.65,0.00939541
13.66,0.00938018
13.67,0.00936497
13.68,0.00934977
13.69,0.00933458
13.7,0.0093194
13.71,0.00930423
13.72,0.00928908
13.73,0.00927393
13.74,0.0092588
13.75,0.00924368
13.76,0.00922857
13.77,0.00921348
13.78,0.00919839
13.79,0.00918332
13.8,0.00916826
13.81,0.00915321
13.82,0.00913817
13.83,0.00912314
13.84,0.00910813
13.85,0.00909313
13.86,0.00907814
13.87,0.00906316
13.88,0.0090482
13.89,0.00903324
13.9,0.0090183
13.91,0.00900337
13.92,0.00898846
13.93,0.00897355
13.94,0.00895866
13.95,0.00894378
13.96,0.00892891
13.97,0.00891405
13.98,0.00889921
13.99,0.00888438
14,0.00886956
14.01,0.00885475
14.02,0.00883996
14.03,0.00882518
14.04,0.00881041
14.05,0.00879565
14.06,0.0087809
14.07,0.00876617
14.08,0.00875145
14.09,0.00873674
14.1,0.00872205
14.11,0.00870736
14.12,0.00869269
14.13,0.00867804
14.14,0.00866339
14.15,0.00864876
14.16,0.00863414
14.17,0.00861953
14.18,0.00860494
14.19,0.00859035
14.2,0.00857578
14.21,0.00856123
14.22,0.00854668
14.23,0.00853215
14.24,0.00851764
14.25,0.00850313
14.26,0.00848864
14.27,0.00847416
14.28,0.00845969
14.29,0.00844524
14.3,0.00843079
14.31,0.00841637
14.32,0.00840195
14.33,0.00838755
14.34,0.00837316
14.35,0.00835878
14.36,0.00834442
14.37,0.00833007
14.38,0.00831573
14.39,0.00830141
14.4,0.00828709
14.41,0.0082728
14.42,0.00825851
14.43,0.00824424
14.44,0.00822998
14.45,0.00821573
14.46,0.0082015
14.47,0.00818728
14.48,0.00817307
14.49,0.00815888
14.5,0.0081447
14.51,0.00813053
14.52,0.00811638
14.53,0.00810224
14.54,0.00808811
14.55,0.008074
14.56,0.0080599
14.57,0.00804581
14.58,0.00803174
14.59,0.00801768
14.6,0.00800363
14.61,0.0079896
14.62,0.00797558
14.63,0.00796157
14.64,0.00794758
14.65,0.0079336
14.66,0.00791964
14.67,0.00790568
14.68,0.00789174
14.69,0.00787782
14.7,0.00786391
14.71,0.00785001
14.72,0.00783612
14.73,0.00782225
14.74,0.0078084
14.75,0.00779455
14.76,0.00778072
14.77,0.0077669
14.78,0.0077531
14.79,0.00773931
14.8,0.00772554
14.81,0.00771178
14.82,0.00769803
14.83,0.00768429
14.84,0.00767057
14.85,0.00765687
14.86,0.00764317
14.87,0.00762949
14.88,0.00761583
14.89,0.00760218
14.9,0.00758854
14.91,0.00757491
14.92,0.0075613
14.93,0.00754771
14.94,0.00753413
14.95,0.00752056
14.96,0.007507
14.97,0.00749346
14.98,0.00747994
14.99,0.00746642
15,0.00745292
15.01,0.00743944
15.02,0.00742597
15.03,0.00741251
15.04,0.00739907
15.05,0.00738564
15.06,0.00737223
15.07,0.00735883
15.08,0.00734544
15.09,0.00733207
15.1,0.00731871
15.11,0.00730536
15.12,0.00729203
15.13,0.00727872
15.14,0.00726542
15.15,0.00725213
15.16,0.00723885
15.17,0.0072256
15.18,0.00721235
15.19,0.00719912
15.2,0.0071859
15.21,0.0071727
15.22,0.00715951
15.23,0.00714634
15.24,0.00713318
15.25,0.00712003
15.26,0.0071069
15.27,0.00709378
15.28,0.00708068
15.29,0.00706759
15.3,0.00705452
15.31,0.00704146
15.32,0.00702841
15.33,0.00701538
15.34,0.00700236
15.35,0.00698936
15.36,0.00697637
15.37,0.0069634
15.38,0.00695044
15.39,0.00693749
15.4,0.00692456
15.41,0.00691165
15.42,0.00689875
15.43,0.00688586
15.44,0.00687299
15.45,0.00686013
15.46,0.00684728
15.47,0.00683445
15.48,0.00682164
15.49,0.00680884
15.5,0.00679605
15.51,0.00678328
15.52,0.00677052
15.53,0.00675778
15.54,0.00674505
15.55,0.00673234
15.56,0.00671964
15.57,0.00670696
15.58,0.00669429
15.59,0.00668163
15.6,0.00666899
15.61,0.00665637
15.62,0.00664375
15.63,0.00663116
15.64,0.00661857
15.65,0.00660601
15.66,0.00659345
15.67,0.00658092
15.68,0.00656839
15.69,0.00655588
15.7,0.00654339
15.71,0.00653091
15.72,0.00651844
15.73,0.00650599
15.74,0.00649356
15.75,0.00648114
15.76,0.00646873
15.77,0.00645634
15.78,0.00644396
15.79,0.0064316
15.8,0.00641925
15.81,0.00640692
15.82,0.0063946
15.83,0.0063823
15.84,0.00637001
15.85,0.00635773
15.86,0.00634548
15.87,0.00633323
15.88,0.006321
15.89,0.00630879
15.9,0.00629659
15.91,0.0062844
15.92,0.00627223
15.93,0.00626008
15.94,0.00624793
15.95,0.00623581
15.96,0.0062237
15.97,0.0062116
15.98,0.00619952
15.99,0.00618745
16,0.0061754
16.01,0.00616336
16.02,0.00615134
16.03,0.00613933
16.04,0.00612734
16.05,0.00611536
16.06,0.0061034
16.07,0.00609145
16.08,0.00607952
16.09,0.0060676
16.1,0.0060557
16.11,0.00604381
16.12,0.00603194
16.13,0.00602008
16.14,0.00600823
16.15,0.00599641
16.16,0.00598459
16.17,0.00597279
16.18,0.00596101
16.19,0.00594924
16.2,0.00593748
16.21,0.00592575
16.22,0.00591402
16.23,0.00590231
16.24,0.00589062
16.25,0.00587894
16.26,0.00586727
16.27,0.00585562
16.28,0.00584399
16.29,0.00583237
16.3,0.00582076
16.31,0.00580917
16.32,0.0057976
16.33,0.00578604
16.34,0.00577449
16.35,0.00576296
16.36,0.00575145
16.37,0.00573995
16.38,0.00572846
16.39,0.00571699
16.4,0.00570554
16.41,0.00569409
16.42,0.00568267
16.43,0.00567126
16.44,0.00565986
16.45,0.00564848
16.46,0.00563712
16.47,0.00562577
16.48,0.00561443
16.49,0.00560311
16.5,0.00559181
16.51,0.00558051
16.52,0.00556924
16.53,0.00555798
16.54,0.00554673
16.55,0.0055355
16.56,0.00552429
16.57,0.00551309
16.58,0.0055019
16.59,0.00549073
16.6,0.00547957
16.61,0.00546843
16.62,0.00545731
16.63,0.0054462
16.64,0.0054351
16.65,0.00542402
16.66,0.00541296
16.67,0.0054019
16.68,0.00539087
16.69,0.00537985
16.7,0.00536884
16.71,0.00535785
16.72,0.00534688
16.73,0.00533592
16.74,0.00532497
16.75,0.00531404
16.76,0.00530313
16.77,0.00529222
16.78,0.00528134
16.79,0.00527047
16.8,0.00525961
16.81,0.00524877
16.82,0.00523795
16.83,0.00522714
16.84,0.00521634
16.85,0.00520556
16.86,0.00519479
16.87,0.00518404
16.88,0.00517331
16.89,0.00516259
16.9,0.00515188
16.91,0.00514119
16.92,0.00513052
16.93,0.00511986
16.94,0.00510921
16.95,0.00509858
16.96,0.00508796
16.97,0.00507736
16.98,0.00506678
16.99,0.00505621
17,0.00504565
17.01,0.00503511
17.02,0.00502459
17.03,0.00501408
17.04,0.00500358
17.05,0.0049931
17.06,0.00498263
17.07,0.00497218
17.08,0.00496175
17.09,0.00495133
17.1,0.00494092
17.11,0.00493053
17.12,0.00492015
17.13,0.00490979
17.14,0.00489945
17.15,0.00488911
17.16,0.0048788
17.17,0.0048685
17.18,0.00485821
17.19,0.00484794
17.2,0.00483768
17.21,0.00482744
17.22,0.00481721
17.23,0.004807
17.24,0.00479681
17.25,0.00478662
17.26,0.00477646
17.27,0.00476631
17.28,0.00475617
17.29,0.00474605
17.3,0.00473594
17.31,0.00472585
17.32,0.00471577
17.33,0.00470571
17.34,0.00469566
17.35,0.00468563
17.36,0.00467561
17.37,0.00466561
17.38,0.00465562
17.39,0.00464564
17.4,0.00463569
17.41,0.00462574
17.42,0.00461581
17.43,0.0046059
17.44,0.004596
17.45,0.00458612
17.46,0.00457625
17.47,0.00456639
17.48,0.00455655
17.49,0.00454673
17.5,0.00453692
17.51,0.00452712
17.52,0.00451734
17.53,0.00450758
17.54,0.00449783
17.55,0.00448809
17.56,0.00447837
17.57,0.00446866
17.58,0.00445897
17.59,0.0044493
17.6,0.00443963
17.61,0.00442999
17.62,0.00442035
17.63,0.00441074
17.64,0.00440113
17.65,0.00439155
17.66,0.00438197
17.67,0.00437241
17.68,0.00436287
17.69,0.00435334
17.7,0.00434383
17.71,0.00433433
17.72,0.00432484
17.73,0.00431537
17.74,0.00430592
17.75,0.00429647
17.76,0.00428705
17.77,0.00427764
17.78,0.00426824
17.79,0.00425886
17.8,0.00424949
17.81,0.00424014
17.82,0.0042308
17.83,0.00422148
17.84,0.00421217
17.85,0.00420287
17.86,0.00419359
17.87,0.00418433
17.88,0.00417508
17.89,0.00416584
17.9,0.00415662
17.91,0.00414741
17.92,0.00413822
17.93,0.00412905
17.94,0.00411988
17.95,0.00411073
17.96,0.0041016
17.97,0.00409248
17.98,0.00408338
17.99,0.00407429
18,0.00406521
18.01,0.00405615
18.02,0.0040471
18.03,0.00403807
18.04,0.00402905
18.05,0.00402005
18.06,0.00401106
18.07,0.00400209
18.08,0.00399313
18.09,0.00398419
18.1,0.00397525
18.11,0.00396634
18.12,0.00395744
18.13,0.00394855
18.14,0.00393968
18.15,0.00393082
18.16,0.00392198
18.17,0.00391315
18.18,0.00390433
18.19,0.00389553
18.2,0.00388674
18.21,0.00387797
18.22,0.00386921
18.23,0.00386047
18.24,0.00385174
18.25,0.00384303
18.26,0.00383433
18.27,0.00382564
18.28,0.00381697
18.29,0.00380831
18.3,0.00379967
18.31,0.00379104
18.32,0.00378243
18.33,0.00377383
18.34,0.00376524
18.35,0.00375667
18.36,0.00374812
18.37,0.00373957
18.38,0.00373104
18.39,0.00372253
18.4,0.00371403
18.41,0.00370554
18.42,0.00369707
18.43,0.00368861
18.44,0.00368017
18.45,0.00367174
18.46,0.00366333
18.47,0.00365493
18.48,0.00364654
18.49,0.00363817
18.5,0.00362981
18.51,0.00362146
18.52,0.00361313
18.53,0.00360482
18.54,0.00359652
18.55,0.00358823
18.56,0.00357995
18.57,0.00357169
18.58,0.00356345
18.59,0.00355522
18.6,0.003547
18.61,0.0035388
18.62,0.00353061
18.63,0.00352243
18.64,0.00351427
18.65,0.00350612
18.66,0.00349799
18.67,0.00348987
18.68,0.00348176
18.69,0.00347367
18.7,0.0034656
18.71,0.00345753
18.72,0.00344948
18.73,0.00344145
18.74,0.00343342
18.75,0.00342542
18.76,0.00341742
18.77,0.00340944
18.78,0.00340148
18.79,0.00339352
18.8,0.00338558
18.81,0.00337766
18.82,0.00336975
18.83,0.00336185
18.84,0.00335397
18.85,0.0033461
18.86,0.00333824
18.87,0.0033304
18.88,0.00332257
18.89,0.00331476
18.9,0.00330696
18.91,0.00329917
18.92,0.0032914
18.93,0.00328364
18.94,0.00327589
18.95,0.00326816
18.96,0.00326044
18.97,0.00325274
18.98,0.00324504
18.99,0.00323737
19,0.0032297
19.01,0.00322205
19.02,0.00321442
19.03,0.00320679
19.04,0.00319918
19.05,0.00319159
19.06,0.00318401
19.07,0.00317644
19.08,0.00316888
19.09,0.00316134
19.1,0.00315381
19.11,0.0031463
19.12,0.0031388
19.13,0.00313131
19.14,0.00312384
19.15,0.00311637
19.16,0.00310893
19.17,0.00310149
19.18,0.00309407
19.19,0.00308667
19.2,0.00307927
19.21,0.00307189
19.22,0.00306453
19.23,0.00305717
19.24,0.00304983
19.25,0.00304251
19.26,0.00303519
19.27,0.00302789
19.28,0.00302061
19.29,0.00301333
19.3,0.00300607
19.31,0.00299883
19.32,0.00299159
19.33,0.00298437
19.34,0.00297717
19.35,0.00296997
19.36,0.00296279
19.37,0.00295563
19.38,0.00294847
19.39,0.00294133
19.4,0.0029342
19.41,0.00292709
19.42,0.00291999
19.43,0.0029129
19.44,0.00290583
19.45,0.00289876
19.46,0.00289171
19.47,0.00288468
19.48,0.00287766
19.49,0.00287065
19.5,0.00286365
19.51,0.00285667
19.52,0.0028497
19.53,0.00284274
19.54,0.0028358
19.55,0.00282886
19.56,0.00282195
19.57,0.00281504
19.58,0.00280815
19.59,0.00280127
19.6,0.0027944
19.61,0.00278755
19.62,0.00278071
19.63,0.00277388
19.64,0.00276707
19.65,0.00276026
19.66,0.00275347
19.67,0.0027467
19.68,0.00273993
19.69,0.00273318
19.7,0.00272645
19.71,0.00271972
19.72,0.00271301
19.73,0.00270631
19.74,0.00269962
19.75,0.00269295
19.76,0.00268629
19.77,0.00267964
19.78,0.002673
19.79,0.00266638
19.8,0.00265977
19.81,0.00265317
19.82,0.00264659
19.83,0.00264001
19.84,0.00263345
19.85,0.00262691
19.86,0.00262037
19.87,0.00261385
19.88,0.00260734
19.89,0.00260085
19.9,0.00259436
19.91,0.00258789
19.92,0.00258143
19.93,0.00257498
19.94,0.00256855
19.95,0.00256213
19.96,0.00255572
19.97,0.00254932
19.98,0.00254294
19.99,0.00253656
20,0.00253021
20.01,0.00252386
20.02,0.00251752
20.03,0.0025112
20.04,0.00250489
20.05,0.00249859
20.06,0.00249231
20.07,0.00248604
20.08,0.00247978
20.09,0.00247353
20.1,0.00246729
20.11,0.00246107
20.12,0.00245486
20.13,0.00244866
20.14,0.00244247
20.15,0.00243629
20.16,0.00243013
20.17,0.00242398
20.18,0.00241784
20.19,0.00241172
20.2,0.0024056
20.21,0.0023995
20.22,0.00239341
20.23,0.00238733
20.24,0.00238127
20.25,0.00237522
20.26,0.00236917
20.27,0.00236315
20.28,0.00235713
20.29,0.00235112
20.3,0.00234513
20.31,0.00233915
20.32,0.00233318
20.33,0.00232722
20.34,0.00232128
20.35,0.00231534
20.36,0.00230942
20.37,0.00230351
20.38,0.00229762
20.39,0.00229173
20.4,0.00228586
20.41,0.00227999
20.42,0.00227414
20.43,0.00226831
20.44,0.00226248
20.45,0.00225666
20.46,0.00225086
20.47,0.00224507
20.48,0.00223929
20.49,0.00223352
20.5,0.00222777
20.51,0.00222202
20.52,0.00221629
20.53,0.00221057
20.54,0.00220486
20.55,0.00219916
20.56,0.00219348
20.57,0.0021878
20.58,0.00218214
20.59,0.00217649
20.6,0.00217085
20.61,0.00216522
20.62,0.00215961
20.63,0.002154
20.64,0.00214841
20.65,0.00214283
20.66,0.00213726
20.67,0.0021317
20.68,0.00212615
20.69,0.00212062
20.7,0.00211509
20.71,0.00210958
20.72,0.00210408
20.73,0.00209859
20.74,0.00209311
20.75,0.00208764
20.76,0.00208219
20.77,0.00207674
20.78,0.00207131
20.79,0.00206589
20.8,0.00206048
20.81,0.00205508
20.82,0.00204969
20.83,0.00204431
20.84,0.00203895
20.85,0.0020336
20.86,0.00202825
20.87,0.00202292
20.88,0.0020176
20.89,0.00201229
20.9,0.00200699
20.91,0.00200171
20.92,0.00199643
20.93,0.00199116
20.94,0.00198591
20.95,0.00198067
20.96,0.00197544
20.97,0.00197022
20.98,0.00196501
20.99,0.00195981
21,0.00195462
21.01,0.00194944
21.02,0.00194428
21.03,0.00193912
21.04,0.00193398
21.05,0.00192885
21.06,0.00192373
21.07,0.00191862
21.08,0.00191352
21.09,0.00190843
21.1,0.00190335
21.11,0.00189828
21.12,0.00189323
21.13,0.00188818
21.14,0.00188315
21.15,0.00187812
21.16,0.00187311
21.17,0.00186811
21.18,0.00186311
21.19,0.00185813
21.2,0.00185316
21.21,0.0018482
21.22,0.00184325
21.23,0.00183832
21.24,0.00183339
21.25,0.00182847
21.26,0.00182357
21.27,0.00181867
21.28,0.00181378
21.29,0.00180891
21.3,0.00180405
21.31,0.00179919
21.32,0.00179435
21.33,0.00178952
21.34,0.0017847
21.35,0.00177989
21.36,0.00177508
21.37,0.00177029
21.38,0.00176551
21.39,0.00176075
21.4,0.00175599
21.41,0.00175124
21.42,0.0017465
21.43,0.00174177
21.44,0.00173705
21.45,0.00173235
21.46,0.00172765
21.47,0.00172296
21.48,0.00171829
21.49,0.00171362
21.5,0.00170897
21.51,0.00170432
21.52,0.00169969
21.53,0.00169506
21.54,0.00169045
21.55,0.00168584
21.56,0.00168125
21.57,0.00167666
21.58,0.00167209
21.59,0.00166753
21.6,0.00166297
21.61,0.00165843
21.62,0.0016539
21.63,0.00164937
21.64,0.00164486
21.65,0.00164036
21.66,0.00163586
21.67,0.00163138
21.68,0.00162691
21.69,0.00162244
21.7,0.00161799
21.71,0.00161355
21.72,0.00160911
21.73,0.00160469
21.74,0.00160028
21.75,0.00159587
21.76,0.00159148
21.77,0.0015871
21.78,0.00158272
21.79,0.00157836
21.8,0.001574
21.81,0.00156966
21.82,0.00156532
21.83,0.001561
21.84,0.00155668
21.85,0.00155238
21.86,0.00154808
21.87,0.0015438
21.88,0.00153952
21.89,0.00153526
21.9,0.001531
21.91,0.00152675
21.92,0.00152251
21.93,0.00151829
21.94,0.00151407
21.95,0.00150986
21.96,0.00150566
21.97,0.00150147
21.98,0.00149729
21.99,0.00149312
22,0.00148896
22.01,0.00148481
22.02,0.00148067
22.03,0.00147653
22.04,0.00147241
22.05,0.0014683
22.06,0.00146419
22.07,0.0014601
22.08,0.00145601
22.09,0.00145194
22.1,0.00144787
22.11,0.00144382
22.12,0.00143977
22.13,0.00143573
22.14,0.0014317
22.15,0.00142768
22.16,0.00142367
22.17,0.00141967
22.18,0.00141568
22.19,0.00141169
22.2,0.00140772
22.21,0.00140376
22.22,0.0013998
22.23,0.00139586
22.24,0.00139192
22.25,0.00138799
22.26,0.00138407
22.27,0.00138016
22.28,0.00137626
22.29,0.00137237
22.3,0.00136849
22.31,0.00136462
22.32,0.00136076
22.33,0.0013569
22.34,0.00135305
22.35,0.00134922
22.36,0.00134539
22.37,0.00134157
22.38,0.00133776
22.39,0.00133396
22.4,0.00133017
22.41,0.00132639
22.42,0.00132261
22.43,0.00131885
22.44,0.00131509
22.45,0.00131134
22.46,0.0013076
22.47,0.00130388
22.48,0.00130015
22.49,0.00129644
22.5,0.00129274
22.51,0.00128904
22.52,0.00128536
22.53,0.00128168
22.54,0.00127801
22.55,0.00127435
22.56,0.0012707
22.57,0.00126706
22.58,0.00126343
22.59,0.0012598
22.6,0.00125619
22.61,0.00125258
22.62,0.00124898
22.63,0.00124539
22.64,0.00124181
22.65,0.00123823
22.66,0.00123467
22.67,0.00123111
22.68,0.00122756
22.69,0.00122403
22.7,0.00122049
22.71,0.00121697
22.72,0.00121346
22.73,0.00120995
22.74,0.00120646
22.75,0.00120297
22.76,0.00119949
22.77,0.00119602
22.78,0.00119255
22.79,0.0011891
22.8,0.00118565
22.81,0.00118221
22.82,0.00117878
22.83,0.00117536
22.84,0.00117195
22.85,0.00116854
22.86,0.00116515
22.87,0.00116176
22.88,0.00115838
22.89,0.00115501
22.9,0.00115164
22.91,0.00114829
22.92,0.00114494
22.93,0.0011416
22.94,0.00113827
22.95,0.00113494
22.96,0.00113163
22.97,0.00112832
22.98,0.00112502
22.99,0.00112173
23,0.00111845
23.01,0.00111518
23.02,0.00111191
23.03,0.00110865
23.04,0.0011054
23.05,0.00110216
23.06,0.00109892
23.07,0.0010957
23.08,0.00109248
23.09,0.00108927
23.1,0.00108606
23.11,0.00108287
23.12,0.00107968
23.13,0.0010765
23.14,0.00107333
23.15,0.00107017
23.16,0.00106701
23.17,0.00106386
23.18,0.00106072
23.19,0.00105759
23.2,0.00105447
23.21,0.00105135
23.22,0.00104824
23.23,0.00104514
23.24,0.00104205
23.25,0.00103896
23.26,0.00103588
23.27,0.00103281
23.28,0.00102975
23.29,0.00102669
23.3,0.00102365
23.31,0.00102061
23.32,0.00101757
23.33,0.00101455
23.34,0.00101153
23.35,0.00100852
23.36,0.00100552
23.37,0.00100253
23.38,0.00099954
23.39,0.00099656
23.4,0.000993588
23.41,0.000990623
23.42,0.000987666
23.43,0.000984717
23.44,0.000981774
23.45,0.00097884
23.46,0.000975912
23.47,0.000972992
23.48,0.00097008
23.49,0.000967174
23.5,0.000964276
23.51,0.000961386
23.52,0.000958503
23.53,0.000955627
23.54,0.000952758
23.55,0.000949897
23.56,0.000947042
23.57,0.000944196
23.58,0.000941356
23.59,0.000938524
23.6,0.000935698
23.61,0.00093288
23.62,0.00093007
23.63,0.000927266
23.64,0.000924469
23.65,0.00092168
23.66,0.000918898
23.67,0.000916123
23.68,0.000913355
23.69,0.000910594
23.7,0.00090784
23.71,0.000905093
23.72,0.000902354
23.73,0.000899621
23.74,0.000896895
23.75,0.000894176
23.76,0.000891465
23.77,0.00088876
23.78,0.000886062
23.79,0.000883372
23.8,0.000880688
23.81,0.000878011
23.82,0.000875341
23.83,0.000872678
23.84,0.000870021
23.85,0.000867372
23.86,0.00086473
23.87,0.000862094
23.88,0.000859465
23.89,0.000856843
23.9,0.000854228
23.91,0.000851619
23.92,0.000849018
23.93,0.000846423
23.94,0.000843835
23.95,0.000841253
23.96,0.000838678
23.97,0.000836111
23.98,0.000833549
23.99,0.000830995
24,0.000828447
24.01,0.000825905
24.02,0.000823371
24.03,0.000820843
24.04,0.000818321
24.05,0.000815806
24.06,0.000813298
24.07,0.000810797
24.08,0.000808302
24.09,0.000805813
24.1,0.000803331
24.11,0.000800856
24.12,0.000798387
24.13,0.000795924
24.14,0.000793468
24.15,0.000791019
24.16,0.000788576
24.17,0.000786139
24.18,0.000783709
24.19,0.000781285
24.2,0.000778868
24.21,0.000776457
24.22,0.000774052
24.23,0.000771654
24.24,0.000769262
24.25,0.000766877
24.26,0.000764497
24.27,0.000762124
24.28,0.000759758
24.29,0.000757398
24.3,0.000755044
24.31,0.000752696
24.32,0.000750354
24.33,0.000748019
24.34,0.00074569
24.35,0.000743367
24.36,0.00074105
24.37,0.00073874
24.38,0.000736436
24.39,0.000734137
24.4,0.000731845
24.41,0.00072956
24.42,0.00072728
24.43,0.000725006
24.44,0.000722739
24.45,0.000720477
24.46,0.000718222
24.47,0.000715973
24.48,0.000713729
24.49,0.000711492
24.5,0.000709261
24.51,0.000707036
24.52,0.000704816
24.53,0.000702603
24.54,0.000700396
24.55,0.000698194
24.56,0.000695999
24.57,0.00069381
24.58,0.000691626
24.59,0.000689448
24.6,0.000687277
24.61,0.000685111
24.62,0.000682951
24.63,0.000680797
24.64,0.000678648
24.65,0.000676506
24.66,0.000674369
24.67,0.000672239
24.68,0.000670113
24.69,0.000667994
24.7,0.000665881
24.71,0.000663773
24.72,0.000661671
24.73,0.000659575
24.74,0.000657484
24.75,0.000655399
24.76,0.00065332
24.77,0.000651247
24.78,0.000649179
24.79,0.000647117
24.8,0.00064506
24.81,0.00064301
24.82,0.000640964
24.83,0.000638925
24.84,0.000636891
24.85,0.000634862
24.86,0.000632839
24.87,0.000630822
24.88,0.00062881
24.89,0.000626804
24.9,0.000624804
24.91,0.000622808
24.92,0.000620819
24.93,0.000618835
24.94,0.000616856
24.95,0.000614883
24.96,0.000612915
24.97,0.000610953
24.98,0.000608996
24.99,0.000607044
25,0.000605098
25.01,0.000603157
25.02,0.000601222
25.03,0.000599292
25.04,0.000597367
25.05,0.000595448
25.06,0.000593534
25.07,0.000591626
25.08,0.000589722
25.09,0.000587825
25.1,0.000585932
25.11,0.000584044
25.12,0.000582162
25.13,0.000580285
25.14,0.000578414
25.15,0.000576547
25.16,0.000574686
25.17,0.00057283
25.18,0.000570979
25.19,0.000569134
25.2,0.000567293
25.21,0.000565458
25.22,0.000563628
25.23,0.000561803
25.24,0.000559983
25.25,0.000558168
25.26,0.000556358
25.27,0.000554554
25.28,0.000552754
25.29,0.00055096
25.3,0.000549171
25.31,0.000547386
25.32,0.000545607
25.33,0.000543833
25.34,0.000542063
25.35,0.000540299
25.36,0.00053854
25.37,0.000536785
25.38,0.000535036
25.39,0.000533292
25.4,0.000531552
25.41,0.000529818
25.42,0.000528088
25.43,0.000526364
25.44,0.000524644
25.45,0.000522929
25.46,0.000521219
25.47,0.000519514
25.48,0.000517813
25.49,0.000516118
25.5,0.000514427
25.51,0.000512741
25.52,0.00051106
25.53,0.000509384
25.54,0.000507713
25.55,0.000506046
25.56,0.000504384
25.57,0.000502727
25.58,0.000501075
25.59,0.000499427
25.6,0.000497784
25.61,0.000496146
25.62,0.000494512
25.63,0.000492883
25.64,0.000491259
25.65,0.00048964
25.66,0.000488025
25.67,0.000486415
25.68,0.000484809
25.69,0.000483208
25.7,0.000481612
25.71,0.00048002
25.72,0.000478433
25.73,0.00047685
25.74,0.000475272
25.75,0.000473699
25.76,0.00047213
25.77,0.000470566
25.78,0.000469006
25.79,0.000467451
25.8,0.0004659
25.81,0.000464353
25.82,0.000462812
25.83,0.000461274
25.84,0.000459741
25.85,0.000458213
25.86,0.000456689
25.87,0.000455169
25.88,0.000453654
25.89,0.000452143
25.9,0.000450637
25.91,0.000449135
25.92,0.000447638
25.93,0.000446144
25.94,0.000444655
25.95,0.000443171
25.96,0.000441691
25.97,0.000440215
25.98,0.000438743
25.99,0.000437276
26,0.000435813
26.01,0.000434355
26.02,0.0004329
26.03,0.00043145
26.04,0.000430004
26.05,0.000428563
26.06,0.000427125
26.07,0.000425692
26.08,0.000424263
26.09,0.000422839
26.1,0.000421418
26.11,0.000420002
26.12,0.00041859
26.13,0.000417182
26.14,0.000415778
26.15,0.000414378
26.16,0.000412982
26.17,0.000411591
26.18,0.000410204
26.19,0.00040882
26.2,0.000407441
26.21,0.000406066
26.22,0.000404695
26.23,0.000403328
26.24,0.000401966
26.25,0.000400607
26.26,0.000399252
26.27,0.000397901
26.28,0.000396554
26.29,0.000395212
26.3,0.000393873
26.31,0.000392538
26.32,0.000391207
26.33,0.00038988
26.34,0.000388558
26.35,0.000387239
26.36,0.000385924
26.37,0.000384613
26.38,0.000383306
26.39,0.000382002
26.4,0.000380703
26.41,0.000379407
26.42,0.000378116
26.43,0.000376828
26.44,0.000375544
26.45,0.000374264
26.46,0.000372988
26.47,0.000371716
26.48,0.000370447
26.49,0.000369183
26.5,0.000367922
26.51,0.000366665
26.52,0.000365411
26.53,0.000364162
26.54,0.000362916
26.55,0.000361674
26.56,0.000360436
26.57,0.000359201
26.58,0.00035797
26.59,0.000356743
26.6,0.00035552
26.61,0.0003543
26.62,0.000353084
26.63,0.000351872
26.64,0.000350663
26.65,0.000349458
26.66,0.000348257
26.67,0.000347059
26.68,0.000345865
26.69,0.000344675
26.7,0.000343488
26.71,0.000342305
26.72,0.000341125
26.73,0.000339949
26.74,0.000338777
26.75,0.000337608
26.76,0.000336442
26.77,0.000335281
26.78,0.000334122
26.79,0.000332968
26.8,0.000331817
26.81,0.000330669
26.82,0.000329525
26.83,0.000328384
26.84,0.000327247
26.85,0.000326113
26.86,0.000324983
26.87,0.000323856
26.88,0.000322733
26.89,0.000321613
26.9,0.000320497
26.91,0.000319384
26.92,0.000318274
26.93,0.000317168
26.94,0.000316066
26.95,0.000314966
26.96,0.00031387
26.97,0.000312778
26.98,0.000311688
26.99,0.000310603
27,0.00030952
27.01,0.000308441
27.02,0.000307365
27.03,0.000306293
27.04,0.000305223
27.05,0.000304157
27.06,0.000303095
27.07,0.000302036
27.08,0.00030098
27.09,0.000299927
27.1,0.000298877
27.11,0.000297831
27.12,0.000296788
27.13,0.000295748
27.14,0.000294712
27.15,0.000293678
27.16,0.000292648
27.17,0.000291622
27.18,0.000290598
27.19,0.000289577
27.2,0.00028856
27.21,0.000287546
27.22,0.000286535
27.23,0.000285527
27.24,0.000284522
27.25,0.000283521
27.26,0.000282522
27.27,0.000281527
27.28,0.000280535
27.29,0.000279546
27.3,0.00027856
27.31,0.000277577
27.32,0.000276597
27.33,0.00027562
27.34,0.000274647
27.35,0.000273676
27.36,0.000272709
27.37,0.000271744
27.38,0.000270782
27.39,0.000269824
27.4,0.000268869
27.41,0.000267916
27.42,0.000266967
27.43,0.00026602
27.44,0.000265077
27.45,0.000264136
27.46,0.000263199
27.47,0.000262264
27.48,0.000261332
27.49,0.000260404
27.5,0.000259478
27.51,0.000258555
27.52,0.000257635
27.53,0.000256718
27.54,0.000255804
27.55,0.000254893
27.56,0.000253985
27.57,0.000253079
27.58,0.000252177
27.59,0.000251277
27.6,0.00025038
27.61,0.000249486
27.62,0.000248595
27.63,0.000247707
27.64,0.000246822
27.65,0.000245939
27.66,0.000245059
27.67,0.000244182
27.68,0.000243308
27.69,0.000242437
27.7,0.000241568
27.71,0.000240702
27.72,0.000239839
27.73,0.000238979
27.74,0.000238121
27.75,0.000237266
27.76,0.000236414
27.77,0.000235565
27.78,0.000234718
27.79,0.000233874
27.8,0.000233033
27.81,0.000232194
27.82,0.000231359
27.83,0.000230525
27.84,0.000229695
27.85,0.000228867
27.86,0.000228042
27.87,0.00022722
27.88,0.0002264
27.89,0.000225583
27.9,0.000224768
27.91,0.000223956
27.92,0.000223147
27.93,0.00022234
27.94,0.000221536
27.95,0.000220735
27.96,0.000219936
27.97,0.000219139
27.98,0.000218346
27.99,0.000217554
28,0.000216766
28.01,0.00021598
28.02,0.000215196
28.03,0.000214415
28.04,0.000213637
28.05,0.000212861
28.06,0.000212088
28.07,0.000211317
28.08,0.000210548
28.09,0.000209783
28.1,0.000209019
28.11,0.000208258
28.12,0.0002075
28.13,0.000206744
28.14,0.000205991
28.15,0.00020524
28.16,0.000204491
28.17,0.000203745
28.18,0.000203001
28.19,0.00020226
28.2,0.000201521
28.21,0.000200785
28.22,0.000200051
28.23,0.000199319
28.24,0.00019859
28.25,0.000197863
28.26,0.000197139
28.27,0.000196417
28.28,0.000195697
28.29,0.00019498
28.3,0.000194265
28.31,0.000193552
28.32,0.000192842
28.33,0.000192134
28.34,0.000191429
28.35,0.000190725
28.36,0.000190024
28.37,0.000189326
28.38,0.00018863
28.39,0.000187935
28.4,0.000187244
28.41,0.000186554
28.42,0.000185867
28.43,0.000185182
28.44,0.0001845
28.45,0.000183819
28.46,0.000183141
28.47,0.000182465
28.48,0.000181792
28.49,0.00018112
28.5,0.000180451
28.51,0.000179784
28.52,0.000179119
28.53,0.000178457
28.54,0.000177796
28.55,0.000177138
28.56,0.000176482
28.57,0.000175829
28.58,0.000175177
28.59,0.000174528
28.6,0.00017388
28.61,0.000173235
28.62,0.000172592
28.63,0.000171951
28.64,0.000171313
28.65,0.000170676
28.66,0.000170042
28.67,0.00016941
28.68,0.000168779
28.69,0.000168151
28.7,0.000167525
28.71,0.000166902
28.72,0.00016628
28.73,0.00016566
28.74,0.000165042
28.75,0.000164427
28.76,0.000163813
28.77,0.000163202
28.78,0.000162593
28.79,0.000161985
28.8,0.00016138
28.81,0.000160777
28.82,0.000160176
28.83,0.000159577
28.84,0.000158979
28.85,0.000158384
28.86,0.000157791
28.87,0.0001572
28.88,0.000156611
28.89,0.000156024
28.9,0.000155439
28.91,0.000154855
28.92,0.000154274
28.93,0.000153695
28.94,0.000153118
28.95,0.000152542
28.96,0.000151969
28.97,0.000151397
28.98,0.000150828
28.99,0.00015026
29,0.000149695
29.01,0.000149131
29.02,0.000148569
29.03,0.000148009
29.04,0.000147451
29.05,0.000146895
29.06,0.000146341
29.07,0.000145789
29.08,0.000145238
29.09,0.00014469
29.1,0.000144143
29.11,0.000143598
29.12,0.000143055
29.13,0.000142514
29.14,0.000141975
29.15,0.000141437
29.16,0.000140902
29.17,0.000140368
29.18,0.000139836
29.19,0.000139306
29.2,0.000138777
29.21,0.000138251
29.22,0.000137726
29.23,0.000137203
29.24,0.000136682
29.25,0.000136163
29.26,0.000135645
29.27,0.00013513
29.28,0.000134616
29.29,0.000134104
29.3,0.000133593
29.31,0.000133084
29.32,0.000132577
29.33,0.000132072
29.34,0.000131569
29.35,0.000131067
29.36,0.000130567
29.37,0.000130069
29.38,0.000129572
29.39,0.000129078
29.4,0.000128584
29.41,0.000128093
29.42,0.000127603
29.43,0.000127115
29.44,0.000126629
29.45,0.000126144
29.46,0.000125661
29.47,0.00012518
29.48,0.0001247
29.49,0.000124222
29.5,0.000123746
29.51,0.000123271
29.52,0.000122798
29.53,0.000122327
29.54,0.000121857
29.55,0.000121389
29.56,0.000120923
29.57,0.000120458
29.58,0.000119995
29.59,0.000119533
29.6,0.000119073
29.61,0.000118615
29.62,0.000118158
29.63,0.000117703
29.64,0.000117249
29.65,0.000116797
29.66,0.000116347
29.67,0.000115898
29.68,0.000115451
29.69,0.000115005
29.7,0.000114561
29.71,0.000114118
29.72,0.000113677
29.73,0.000113238
29.74,0.0001128
29.75,0.000112363
29.76,0.000111928
29.77,0.000111495
29.78,0.000111063
29.79,0.000110633
29.8,0.000110204
29.81,0.000109776
29.82,0.000109351
29.83,0.000108926
29.84,0.000108503
29.85,0.000108082
29.86,0.000107662
29.87,0.000107244
29.88,0.000106827
29.89,0.000106412
29.9,0.000105998
29.91,0.000105585
29.92,0.000105174
29.93,0.000104765
29.94,0.000104356
29.95,0.00010395
29.96,0.000103544
29.97,0.000103141
29.98,0.000102738
29.99,0.000102337
30,0.000101938
30.01,0.00010154
30.02,0.000101143
30.03,0.000100748
30.04,0.000100354
30.05,9.99613e-05
30.06,9.95702e-05
30.07,9.91805e-05
30.08,9.87922e-05
30.09,9.84053e-05
30.1,9.80197e-05
30.11,9.76355e-05
30.12,9.72527e-05
30.13,9.68713e-05
30.14,9.64912e-05
30.15,9.61125e-05
30.16,9.57351e-05
30.17,9.53591e-05
30.18,9.49844e-05
30.19,9.4611e-05
30.2,9.4239e-05
30.21,9.38683e-05
30.22,9.3499e-05
30.23,9.3131e-05
30.24,9.27642e-05
30.25,9.23989e-05
30.26,9.20348e-05
30.27,9.1672e-05
30.28,9.13105e-05
30.29,9.09503e-05
30.3,9.05914e-05
30.31,9.02338e-05
30.32,8.98775e-05
30.33,8.95225e-05
30.34,8.91688e-05
30.35,8.88163e-05
30.36,8.84651e-05
30.37,8.81151e-05
30.38,8.77664e-05
30.39,8.7419e-05
30.4,8.70728e-05
30.41,8.67279e-05
30.42,8.63842e-05
30.43,8.60418e-05
30.44,8.57006e-05
30.45,8.53606e-05
30.46,8.50219e-05
30.47,8.46844e-05
30.48,8.43481e-05
30.49,8.4013e-05
30.5,8.36792e-05
30.51,8.33465e-05
30.52,8.30151e-05
30.53,8.26849e-05
30.54,8.23558e-05
30.55,8.2028e-05
30.56,8.17013e-05
30.57,8.13758e-05
30.58,8.10516e-05
30.59,8.07285e-05
30.6,8.04065e-05
30.61,8.00858e-05
30.62,7.97662e-05
30.63,7.94477e-05
30.64,7.91305e-05
30.65,7.88144e-05
30.66,7.84994e-05
30.67,7.81856e-05
30.68,7.78729e-05
30.69,7.75614e-05
30.7,7.7251e-05
30.71,7.69418e-05
30.72,7.66337e-05
30.73,7.63267e-05
30.74,7.60208e-05
30.75,7.5716e-05
30.76,7.54124e-05
30.77,7.51099e-05
30.78,7.48085e-05
30.79,7.45082e-05
30.8,7.4209e-05
30.81,7.39108e-05
30.82,7.36138e-05
30.83,7.33179e-05
30.84,7.30231e-05
30.85,7.27293e-05
30.86,7.24367e-05
30.87,7.21451e-05
30.88,7.18545e-05
30.89,7.15651e-05
30.9,7.12767e-05
30.91,7.09894e-05
30.92,7.07031e-05
30.93,7.04179e-05
30.94,7.01337e-05
30.95,6.98506e-05
30.96,6.95686e-05
30.97,6.92876e-05
30.98,6.90076e-05
30.99,6.87286e-05
31,6.84507e-05
31.01,6.81738e-05
31.02,6.7898e-05
31.03,6.76231e-05
31.04,6.73493e-05
31.05,6.70765e-05
31.06,6.68047e-05
31.07,6.65339e-05
31.08,6.62641e-05
31.09,6.59953e-05
31.1,6.57276e-05
31.11,6.54608e-05
31.12,6.5195e-05
31.13,6.49302e-05
31.14,6.46663e-05
31.15,6.44035e-05
31.16,6.41416e-05
31.17,6.38807e-05
31.18,6.36208e-05
31.19,6.33619e-05
31.2,6.31039e-05
31.21,6.28469e-05
31.22,6.25908e-05
31.23,6.23357e-05
31.24,6.20815e-05
31.25,6.18283e-05
31.26,6.15761e-05
31.27,6.13248e-05
31.28,6.10744e-05
31.29,6.0825e-05
31.3,6.05765e-05
31.31,6.03289e-05
31.32,6.00822e-05
31.33,5.98365e-05
31.34,5.95917e-05
31.35,5.93478e-05
31.36,5.91049e-05
31.37,5.88628e-05
31.38,5.86217e-05
31.39,5.83814e-05
31.4,5.81421e-05
31.41,5.79037e-05
31.42,5.76661e-05
31.43,5.74295e-05
31.44,5.71937e-05
31.45,5.69589e-05
31.46,5.67249e-05
31.47,5.64918e-05
31.48,5.62596e-05
31.49,5.60282e-05
31.5,5.57978e-05
31.51,5.55682e-05
31.52,5.53394e-05
31.53,5.51116e-05
31.54,5.48846e-05
31.55,5.46584e-05
31.56,5.44331e-05
31.57,5.42087e-05
31.58,5.39851e-05
31.59,5.37623e-05
31.6,5.35405e-05
31.61,5.33194e-05
31.62,5.30992e-05
31.63,5.28798e-05
31.64,5.26612e-05
31.65,5.24435e-05
31.66,5.22266e-05
31.67,5.20105e-05
31.68,5.17953e-05
31.69,5.15809e-05
31.7,5.13673e-05
31.71,5.11545e-05
31.72,5.09425e-05
31.73,5.07313e-05
31.74,5.05209e-05
31.75,5.03113e-05
31.76,5.01025e-05
31.77,4.98946e-05
31.78,4.96874e-05
31.79,4.9481e-05
31.8,4.92754e-05
31.81,4.90705e-05
31.82,4.88665e-05
31.83,4.86632e-05
31.84,4.84608e-05
31.85,4.8259e-05
31.86,4.80581e-05
31.87,4.78579e-05
31.88,4.76585e-05
31.89,4.74599e-05
31.9,4.7262e-05
31.91,4.70649e-05
31.92,4.68686e-05
31.93,4.6673e-05
31.94,4.64781e-05
31.95,4.6284e-05
31.96,4.60906e-05
31.97,4.5898e-05
31.98,4.57062e-05
31.99,4.5515e-05
32,4.53246e-05
32.01,4.51349e-05
32.02,4.4946e-05
32.03,4.47578e-05
32.04,4.45703e-05
32.05,4.43836e-05
32.06,4.41975e-05
32.07,4.40122e-05
32.08,4.38276e-05
32.09,4.36437e-05
32.1,4.34605e-05
32.11,4.32781e-05
32.12,4.30963e-05
32.13,4.29152e-05
32.14,4.27349e-05
32.15,4.25552e-05
32.16,4.23762e-05
32.17,4.2198e-05
32.18,4.20204e-05
32.19,4.18435e-05
32.2,4.16673e-05
32.21,4.14917e-05
32.22,4.13169e-05
32.23,4.11427e-05
32.24,4.09692e-05
32.25,4.07964e-05
32.26,4.06243e-05
32.27,4.04528e-05
32.28,4.0282e-05
32.29,4.01119e-05
32.3,3.99424e-05
32.31,3.97736e-05
32.32,3.96054e-05
32.33,3.94379e-05
32.34,3.92711e-05
32.35,3.91049e-05
32.36,3.89393e-05
32.37,3.87744e-05
32.38,3.86102e-05
32.39,3.84465e-05
32.4,3.82836e-05
32.41,3.81212e-05
32.42,3.79595e-05
32.43,3.77985e-05
32.44,3.7638e-05
32.45,3.74782e-05
32.46,3.7319e-05
32.47,3.71605e-05
32.48,3.70025e-05
32.49,3.68452e-05
32.5,3.66885e-05
32.51,3.65324e-05
32.52,3.63769e-05
32.53,3.62221e-05
32.54,3.60678e-05
32.55,3.59142e-05
32.56,3.57611e-05
32.57,3.56087e-05
32.58,3.54568e-05
32.59,3.53056e-05
32.6,3.51549e-05
32.61,3.50049e-05
32.62,3.48554e-05
32.63,3.47065e-05
32.64,3.45583e-05
32.65,3.44106e-05
32.66,3.42634e-05
32.67,3.41169e-05
32.68,3.3971e-05
32.69,3.38256e-05
32.7,3.36808e-05
32.71,3.35365e-05
32.72,3.33929e-05
32.73,3.32498e-05
32.74,3.31073e-05
32.75,3.29653e-05
32.76,3.28239e-05
32.77,3.26831e-05
32.78,3.25428e-05
32.79,3.24031e-05
32.8,3.22639e-05
32.81,3.21253e-05
32.82,3.19872e-05
32.83,3.18497e-05
32.84,3.17127e-05
32.85,3.15763e-05
32.86,3.14404e-05
32.87,3.13051e-05
32.88,3.11703e-05
32.89,3.1036e-05
32.9,3.09023e-05
32.91,3.07691e-05
32.92,3.06364e-05
32.93,3.05043e-05
32.94,3.03727e-05
32.95,3.02416e-05
32.96,3.01111e-05
32.97,2.9981e-05
32.98,2.98515e-05
32.99,2.97225e-05
33,2.9594e-05
33.01,2.9466e-05
33.02,2.93386e-05
33.03,2.92116e-05
33.04,2.90852e-05
33.05,2.89593e-05
33.06,2.88338e-05
33.07,2.87089e-05
33.08,2.85845e-05
33.09,2.84606e-05
33.1,2.83371e-05
33.11,2.82142e-05
33.12,2.80918e-05
33.13,2.79698e-05
33.14,2.78484e-05
33.15,2.77274e-05
33.16,2.76069e-05
33.17,2.74869e-05
33.18,2.73674e-05
33.19,2.72484e-05
33.2,2.71299e-05
33.21,2.70118e-05
33.22,2.68942e-05
33.23,2.67771e-05
33.24,2.66604e-05
33.25,2.65442e-05
33.26,2.64285e-05
33.27,2.63133e-05
33.28,2.61985e-05
33.29,2.60842e-05
33.3,2.59704e-05
33.31,2.5857e-05
33.32,2.5744e-05
33.33,2.56316e-05
33.34,2.55196e-05
33.35,2.5408e-05
33.36,2.52969e-05
33.37,2.51862e-05
33.38,2.5076e-05
33.39,2.49663e-05
33.4,2.48569e-05
33.41,2.47481e-05
33.42,2.46396e-05
33.43,2.45316e-05
33.44,2.44241e-05
33.45,2.4317e-05
33.46,2.42103e-05
33.47,2.41041e-05
33.48,2.39982e-05
33.49,2.38929e-05
33.5,2.37879e-05
33.51,2.36834e-05
33.52,2.35793e-05
33.53,2.34756e-05
33.54,2.33724e-05
33.55,2.32695e-05
33.56,2.31671e-05
33.57,2.30651e-05
33.58,2.29636e-05
33.59,2.28624e-05
33.6,2.27617e-05
33.61,2.26613e-05
33.62,2.25614e-05
33.63,2.24619e-05
33.64,2.23628e-05
33.65,2.22641e-05
33.66,2.21658e-05
33.67,2.20679e-05
33.68,2.19704e-05
33.69,2.18733e-05
33.7,2.17767e-05
33.71,2.16804e-05
33.72,2.15845e-05
33.73,2.1489e-05
33.74,2.13939e-05
33.75,2.12991e-05
33.76,2.12048e-05
33.77,2.11109e-05
33.78,2.10173e-05
33.79,2.09241e-05
33.8,2.08314e-05
33.81,2.07389e-05
33.82,2.06469e-05
33.83,2.05553e-05
33.84,2.0464e-05
33.85,2.03731e-05
33.86,2.02826e-05
33.87,2.01925e-05
33.88,2.01027e-05
33.89,2.00133e-05
33.9,1.99243e-05
33.91,1.98356e-05
33.92,1.97473e-05
33.93,1.96594e-05
33.94,1.95718e-05
33.95,1.94846e-05
33.96,1.93978e-05
33.97,1.93113e-05
33.98,1.92252e-05
33.99,1.91395e-05
34,1.9054e-05
34.01,1.8969e-05
34.02,1.88843e-05
34.03,1.87999e-05
34.04,1.8716e-05
34.05,1.86323e-05
34.06,1.8549e-05
34.07,1.84661e-05
34.08,1.83834e-05
34.09,1.83012e-05
34.1,1.82193e-05
34.11,1.81377e-05
34.12,1.80564e-05
34.13,1.79755e-05
34.14,1.7895e-05
34.15,1.78147e-05
34.16,1.77349e-05
34.17,1.76553e-05
34.18,1.75761e-05
34.19,1.74972e-05
34.2,1.74186e-05
34.21,1.73404e-05
34.22,1.72625e-05
34.23,1.71849e-05
34.24,1.71076e-05
34.25,1.70307e-05
34.26,1.69541e-05
34.27,1.68778e-05
34.28,1.68018e-05
34.29,1.67261e-05
34.3,1.66508e-05
34.31,1.65758e-05
34.32,1.65011e-05
34.33,1.64267e-05
34.34,1.63526e-05
34.35,1.62788e-05
34.36,1.62054e-05
34.37,1.61322e-05
34.38,1.60594e-05
34.39,1.59869e-05
34.4,1.59146e-05
34.41,1.58427e-05
34.42,1.57711e-05
34.43,1.56997e-05
34.44,1.56287e-05
34.45,1.5558e-05
34.46,1.54876e-05
34.47,1.54175e-05
34.48,1.53476e-05
34.49,1.52781e-05
34.5,1.52089e-05
34.51,1.51399e-05
34.52,1.50712e-05
34.53,1.50029e-05
34.54,1.49348e-05
34.55,1.4867e-05
34.56,1.47995e-05
34.57,1.47323e-05
34.58,1.46654e-05
34.59,1.45987e-05
34.6,1.45323e-05
34.61,1.44663e-05
34.62,1.44005e-05
34.63,1.43349e-05
34.64,1.42697e-05
34.65,1.42047e-05
34.66,1.414e-05
34.67,1.40756e-05
34.68,1.40115e-05
34.69,1.39476e-05
34.7,1.3884e-05
34.71,1.38207e-05
34.72,1.37576e-05
34.73,1.36948e-05
34.74,1.36323e-05
34.75,1.357e-05
34.76,1.3508e-05
34.77,1.34463e-05
34.78,1.33848e-05
34.79,1.33236e-05
34.8,1.32627e-05
34.81,1.3202e-05
34.82,1.31416e-05
34.83,1.30814e-05
34.84,1.30215e-05
34.85,1.29619e-05
34.86,1.29025e-05
34.87,1.28433e-05
34.88,1.27844e-05
34.89,1.27258e-05
34.9,1.26674e-05
34.91,1.26093e-05
34.92,1.25514e-05
34.93,1.24938e-05
34.94,1.24364e-05
34.95,1.23792e-05
34.96,1.23223e-05
34.97,1.22657e-05
34.98,1.22093e-05
34.99,1.21531e-05
35,1.20972e-05
35.01,1.20415e-05
35.02,1.1986e-05
35.03,1.19308e-05
35.04,1.18759e-05
35.05,1.18211e-05
35.06,1.17666e-05
35.07,1.17124e-05
35.08,1.16583e-05
35.09,1.16045e-05
35.1,1.1551e-05
35.11,1.14977e-05
35.12,1.14445e-05
35.13,1.13917e-05
35.14,1.1339e-05
35.15,1.12866e-05
35.16,1.12344e-05
35.17,1.11825e-05
35.18,1.11307e-05
35.19,1.10792e-05
35.2,1.10279e-05
35.21,1.09768e-05
35.22,1.0926e-05
35.23,1.08754e-05
35.24,1.08249e-05
35.25,1.07748e-05
35.26,1.07248e-05
35.27,1.0675e-05
35.28,1.06255e-05
35.29,1.05762e-05
35.3,1.0527e-05
35.31,1.04781e-05
35.32,1.04295e-05
35.33,1.0381e-05
35.34,1.03327e-05
35.35,1.02847e-05
35.36,1.02368e-05
35.37,1.01892e-05
35.38,1.01418e-05
35.39,1.00945e-05
35.4,1.00475e-05
35.41,1.00007e-05
35.42,9.95409e-06
35.43,9.90769e-06
35.44,9.86149e-06
35.45,9.81549e-06
35.46,9.76969e-06
35.47,9.72409e-06
35.48,9.67869e-06
35.49,9.63349e-06
35.5,9.58849e-06
35.51,9.54368e-06
35.52,9.49907e-06
35.53,9.45465e-06
35.54,9.41043e-06
35.55,9.36641e-06
35.56,9.32257e-06
35.57,9.27893e-06
35.58,9.23548e-06
35.59,9.19222e-06
35.6,9.14915e-06
35.61,9.10627e-06
35.62,9.06357e-06
35.63,9.02107e-06
35.64,8.97875e-06
35.65,8.93662e-06
35.66,8.89467e-06
35.67,8.85291e-06
35.68,8.81133e-06
35.69,8.76993e-06
35.7,8.72872e-06
35.71,8.68768e-06
35.72,8.64683e-06
35.73,8.60616e-06
35.74,8.56567e-06
35.75,8.52535e-06
35.76,8.48522e-06
35.77,8.44526e-06
35.78,8.40548e-06
35.79,8.36587e-06
35.8,8.32644e-06
35.81,8.28718e-06
35.82,8.2481e-06
35.83,8.20919e-06
35.84,8.17045e-06
35.85,8.13188e-06
35.86,8.09348e-06
35.87,8.05525e-06
35.88,8.0172e-06
35.89,7.97931e-06
35.9,7.94159e-06
35.91,7.90403e-06
35.92,7.86665e-06
35.93,7.82942e-06
35.94,7.79237e-06
35.95,7.75548e-06
35.96,7.71875e-06
35.97,7.68218e-06
35.98,7.64578e-06
35.99,7.60954e-06
36,7.57346e-06
36.01,7.53754e-06
36.02,7.50178e-06
36.03,7.46618e-06
36.04,7.43074e-06
36.05,7.39546e-06
36.06,7.36033e-06
36.07,7.32536e-06
36.08,7.29055e-06
36.09,7.25589e-06
36.1,7.22139e-06
36.11,7.18704e-06
36.12,7.15284e-06
36.13,7.1188e-06
36.14,7.08491e-06
36.15,7.05117e-06
36.16,7.01758e-06
36.17,6.98414e-06
36.18,6.95085e-06
36.19,6.91771e-06
36.2,6.88472e-06
36.21,6.85187e-06
36.22,6.81918e-06
36.23,6.78663e-06
36.24,6.75422e-06
36.25,6.72196e-06
36.26,6.68985e-06
36.27,6.65788e-06
36.28,6.62605e-06
36.29,6.59437e-06
36.3,6.56282e-06
36.31,6.53142e-06
36.32,6.50016e-06
36.33,6.46905e-06
36.34,6.43807e-06
36.35,6.40723e-06
36.36,6.37653e-06
36.37,6.34597e-06
36.38,6.31554e-06
36.39,6.28525e-06
36.4,6.2551e-06
36.41,6.22509e-06
36.42,6.19521e-06
36.43,6.16546e-06
36.44,6.13585e-06
36.45,6.10637e-06
36.46,6.07703e-06
36.47,6.04782e-06
36.48,6.01874e-06
36.49,5.98979e-06
36.5,5.96097e-06
36.51,5.93229e-06
36.52,5.90373e-06
36.53,5.8753e-06
36.54,5.847e-06
36.55,5.81883e-06
36.56,5.79079e-06
36.57,5.76287e-06
36.58,5.73508e-06
36.59,5.70742e-06
36.6,5.67988e-06
36.61,5.65247e-06
36.62,5.62518e-06
36.63,5.59801e-06
36.64,5.57097e-06
36.65,5.54405e-06
36.66,5.51726e-06
36.67,5.49058e-06
36.68,5.46403e-06
36.69,5.4376e-06
36.7,5.41128e-06
36.71,5.38509e-06
36.72,5.35902e-06
36.73,5.33306e-06
36.74,5.30723e-06
36.75,5.28151e-06
36.76,5.25591e-06
36.77,5.23042e-06
36.78,5.20506e-06
36.79,5.1798e-06
36.8,5.15467e-06
36.81,5.12964e-06
36.82,5.10474e-06
36.83,5.07994e-06
36.84,5.05526e-06
36.85,5.03069e-06
36.86,5.00624e-06
36.87,4.98189e-06
36.88,4.95766e-06
36.89,4.93354e-06
36.9,4.90953e-06
36.91,4.88563e-06
36.92,4.86184e-06
36.93,4.83816e-06
36.94,4.81458e-06
36.95,4.79112e-06
36.96,4.76776e-06
36.97,4.74451e-06
36.98,4.72136e-06
36.99,4.69833e-06
37,4.6754e-06
37.01,4.65257e-06
37.02,4.62985e-06
37.03,4.60723e-06
37.04,4.58472e-06
37.05,4.56231e-06
37.06,4.54e-06
37.07,4.5178e-06
37.08,4.4957e-06
37.09,4.4737e-06
37.1,4.4518e-06
37.11,4.43001e-06
37.12,4.40831e-06
37.13,4.38672e-06
37.14,4.36522e-06
37.15,4.34382e-06
37.16,4.32252e-06
37.17,4.30132e-06
37.18,4.28022e-06
37.19,4.25922e-06
37.2,4.23831e-06
37.21,4.2175e-06
37.22,4.19679e-06
37.23,4.17617e-06
37.24,4.15565e-06
37.25,4.13522e-06
37.26,4.11488e-06
37.27,4.09465e-06
37.28,4.0745e-06
37.29,4.05445e-06
37.3,4.03449e-06
37.31,4.01462e-06
37.32,3.99485e-06
37.33,3.97517e-06
37.34,3.95558e-06
37.35,3.93608e-06
37.36,3.91667e-06
37.37,3.89735e-06
37.38,3.87812e-06
37.39,3.85898e-06
37.4,3.83993e-06
37.41,3.82097e-06
37.42,3.8021e-06
37.43,3.78331e-06
37.44,3.76462e-06
37.45,3.74601e-06
37.46,3.72748e-06
37.47,3.70904e-06
37.48,3.69069e-06
37.49,3.67243e-06
37.5,3.65425e-06
37.51,3.63615e-06
37.52,3.61814e-06
37.53,3.60021e-06
37.54,3.58237e-06
37.55,3.56461e-06
37.56,3.54694e-06
37.57,3.52934e-06
37.58,3.51183e-06
37.59,3.4944e-06
37.6,3.47705e-06
37.61,3.45979e-06
37.62,3.4426e-06
37.63,3.4255e-06
37.64,3.40847e-06
37.65,3.39153e-06
37.66,3.37466e-06
37.67,3.35787e-06
37.68,3.34117e-06
37.69,3.32454e-06
37.7,3.30799e-06
37.71,3.29151e-06
37.72,3.27512e-06
37.73,3.2588e-06
37.74,3.24256e-06
37.75,3.22639e-06
37.76,3.2103e-06
37.77,3.19429e-06
37.78,3.17835e-06
37.79,3.16249e-06
37.8,3.1467e-06
37.81,3.13099e-06
37.82,3.11535e-06
37.83,3.09978e-06
37.84,3.08429e-06
37.85,3.06887e-06
37.86,3.05352e-06
37.87,3.03825e-06
37.88,3.02305e-06
37.89,3.00792e-06
37.9,2.99286e-06
37.91,2.97787e-06
37.92,2.96295e-06
37.93,2.94811e-06
37.94,2.93333e-06
37.95,2.91863e-06
37.96,2.90399e-06
37.97,2.88942e-06
37.98,2.87493e-06
37.99,2.8605e-06
38,2.84614e-06
38.01,2.83185e-06
38.02,2.81762e-06
38.03,2.80346e-06
38.04,2.78937e-06
38.05,2.77535e-06
38.06,2.7614e-06
38.07,2.74751e-06
38.08,2.73368e-06
38.09,2.71992e-06
38.1,2.70623e-06
38.11,2.6926e-06
38.12,2.67904e-06
38.13,2.66554e-06
38.14,2.65211e-06
38.15,2.63874e-06
38.16,2.62543e-06
38.17,2.61219e-06
38.18,2.59901e-06
38.19,2.5859e-06
38.2,2.57284e-06
38.21,2.55985e-06
38.22,2.54692e-06
38.23,2.53405e-06
38.24,2.52125e-06
38.25,2.5085e-06
38.26,2.49582e-06
38.27,2.48319e-06
38.28,2.47063e-06
38.29,2.45813e-06
38.3,2.44568e-06
38.31,2.4333e-06
38.32,2.42098e-06
38.33,2.40871e-06
38.34,2.3965e-06
38.35,2.38436e-06
38.36,2.37227e-06
38.37,2.36023e-06
38.38,2.34826e-06
38.39,2.33634e-06
38.4,2.32448e-06
38.41,2.31268e-06
38.42,2.30094e-06
38.43,2.28925e-06
38.44,2.27761e-06
38.45,2.26604e-06
38.46,2.25452e-06
38.47,2.24305e-06
38.48,2.23164e-06
38.49,2.22028e-06
38.5,2.20898e-06
38.51,2.19774e-06
38.52,2.18654e-06
38.53,2.1754e-06
38.54,2.16432e-06
38.55,2.15329e-06
38.56,2.14231e-06
38.57,2.13139e-06
38.58,2.12051e-06
38.59,2.10969e-06
38.6,2.09893e-06
38.61,2.08821e-06
38.62,2.07755e-06
38.63,2.06693e-06
38.64,2.05637e-06
38.65,2.04586e-06
38.66,2.0354e-06
38.67,2.025e-06
38.68,2.01464e-06
38.69,2.00433e-06
38.7,1.99407e-06
38.71,1.98386e-06
38.72,1.9737e-06
38.73,1.9636e-06
38.74,1.95354e-06
38.75,1.94352e-06
38.76,1.93356e-06
38.77,1.92365e-06
38.78,1.91378e-06
38.79,1.90396e-06
38.8,1.89419e-06
38.81,1.88447e-06
38.82,1.87479e-06
38.83,1.86516e-06
38.84,1.85558e-06
38.85,1.84605e-06
38.86,1.83656e-06
38.87,1.82711e-06
38.88,1.81772e-06
38.89,1.80837e-06
38.9,1.79906e-06
38.91,1.7898e-06
38.92,1.78059e-06
38.93,1.77142e-06
38.94,1.76229e-06
38.95,1.75321e-06
38.96,1.74417e-06
38.97,1.73518e-06
38.98,1.72623e-06
38.99,1.71733e-06
39,1.70847e-06
39.01,1.69965e-06
39.02,1.69088e-06
39.03,1.68215e-06
39.04,1.67346e-06
39.05,1.66481e-06
39.06,1.65621e-06
39.07,1.64764e-06
39.08,1.63913e-06
39.09,1.63065e-06
39.1,1.62221e-06
39.11,1.61382e-06
39.12,1.60546e-06
39.13,1.59715e-06
39.14,1.58888e-06
39.15,1.58065e-06
39.16,1.57246e-06
39.17,1.5643e-06
39.18,1.55619e-06
39.19,1.54812e-06
39.2,1.54009e-06
39.21,1.5321e-06
39.22,1.52415e-06
39.23,1.51624e-06
39.24,1.50836e-06
39.25,1.50053e-06
39.26,1.49273e-06
39.27,1.48497e-06
39.28,1.47725e-06
39.29,1.46957e-06
39.3,1.46193e-06
39.31,1.45432e-06
39.32,1.44675e-06
39.33,1.43922e-06
39.34,1.43173e-06
39.35,1.42427e-06
39.36,1.41685e-06
39.37,1.40946e-06
39.38,1.40212e-06
39.39,1.39481e-06
39.4,1.38753e-06
39.41,1.38029e-06
39.42,1.37309e-06
39.43,1.36592e-06
39.44,1.35879e-06
39.45,1.3517e-06
39.46,1.34464e-06
39.47,1.33761e-06
39.48,1.33062e-06
39.49,1.32366e-06
39.5,1.31674e-06
39.51,1.30985e-06
39.52,1.303e-06
39.53,1.29618e-06
39.54,1.28939e-06
39.55,1.28264e-06
39.56,1.27592e-06
39.57,1.26924e-06
39.58,1.26259e-06
39.59,1.25597e-06
39.6,1.24938e-06
39.61,1.24283e-06
39.62,1.23631e-06
39.63,1.22982e-06
39.64,1.22337e-06
39.65,1.21695e-06
39.66,1.21056e-06
39.67,1.2042e-06
39.68,1.19787e-06
39.69,1.19157e-06
39.7,1.18531e-06
39.71,1.17908e-06
39.72,1.17287e-06
39.73,1.1667e-06
39.74,1.16056e-06
39.75,1.15445e-06
39.76,1.14837e-06
39.77,1.14233e-06
39.78,1.13631e-06
39.79,1.13032e-06
39.8,1.12436e-06
39.81,1.11843e-06
39.82,1.11253e-06
39.83,1.10666e-06
39.84,1.10082e-06
39.85,1.09501e-06
39.86,1.08923e-06
39.87,1.08348e-06
39.88,1.07776e-06
39.89,1.07206e-06
39.9,1.0664e-06
39.91,1.06076e-06
39.92,1.05515e-06
39.93,1.04957e-06
39.94,1.04402e-06
39.95,1.03849e-06
39.96,1.03299e-06
39.97,1.02752e-06
39.98,1.02208e-06
39.99,1.01667e-06
40,1.01128e-06
40.01,1.00592e-06
40.02,1.00059e-06
40.03,9.95281e-07
40.04,9.90001e-07
40.05,9.84748e-07
40.06,9.79521e-07
40.07,9.74321e-07
40.08,9.69147e-07
40.09,9.64e-07
40.1,9.58878e-07
40.11,9.53782e-07
40.12,9.48712e-07
40.13,9.43667e-07
40.14,9.38648e-07
40.15,9.33655e-07
40.16,9.28686e-07
40.17,9.23743e-07
40.18,9.18825e-07
40.19,9.13932e-07
40.2,9.09063e-07
40.21,9.0422e-07
40.22,8.994e-07
40.23,8.94605e-07
40.24,8.89835e-07
40.25,8.85089e-07
40.26,8.80366e-07
40.27,8.75668e-07
40.28,8.70994e-07
40.29,8.66343e-07
40.3,8.61716e-07
40.31,8.57112e-07
40.32,8.52532e-07
40.33,8.47975e-07
40.34,8.43442e-07
40.35,8.38931e-07
40.36,8.34443e-07
40.37,8.29979e-07
40.38,8.25537e-07
40.39,8.21117e-07
40.4,8.1672e-07
40.41,8.12346e-07
40.42,8.07993e-07
40.43,8.03663e-07
40.44,7.99355e-07
40.45,7.95069e-07
40.46,7.90805e-07
40.47,7.86563e-07
40.48,7.82342e-07
40.49,7.78143e-07
40.5,7.73965e-07
40.51,7.69809e-07
40.52,7.65674e-07
40.53,7.6156e-07
40.54,7.57467e-07
40.55,7.53395e-07
40.56,7.49344e-07
40.57,7.45314e-07
40.58,7.41304e-07
40.59,7.37315e-07
40.6,7.33346e-07
40.61,7.29397e-07
40.62,7.25469e-07
40.63,7.21561e-07
40.64,7.17673e-07
40.65,7.13805e-07
40.66,7.09957e-07
40.67,7.06129e-07
40.68,7.0232e-07
40.69,6.98531e-07
40.7,6.94761e-07
40.71,6.91011e-07
40.72,6.87279e-07
40.73,6.83568e-07
40.74,6.79875e-07
40.75,6.76201e-07
40.76,6.72546e-07
40.77,6.6891e-07
40.78,6.65293e-07
40.79,6.61694e-07
40.8,6.58114e-07
40.81,6.54552e-07
40.82,6.51009e-07
40.83,6.47484e-07
40.84,6.43977e-07
40.85,6.40488e-07
40.86,6.37017e-07
40.87,6.33564e-07
40.88,6.30129e-07
40.89,6.26712e-07
40.9,6.23312e-07
40.91,6.1993e-07
40.92,6.16566e-07
40.93,6.13219e-07
40.94,6.09889e-07
40.95,6.06576e-07
40.96,6.03281e-07
40.97,6.00002e-07
40.98,5.96741e-07
40.99,5.93496e-07
41,5.90269e-07
41.01,5.87058e-07
41.02,5.83863e-07
41.03,5.80686e-07
41.04,5.77524e-07
41.05,5.74379e-07
41.06,5.71251e-07
41.07,5.68139e-07
41.08,5.65042e-07
41.09,5.61962e-07
41.1,5.58898e-07
41.11,5.5585e-07
41.12,5.52818e-07
41.13,5.49801e-07
41.14,5.46801e-07
41.15,5.43815e-07
41.16,5.40846e-07
41.17,5.37892e-07
41.18,5.34953e-07
41.19,5.32029e-07
41.2,5.29121e-07
41.21,5.26228e-07
41.22,5.2335e-07
41.23,5.20487e-07
41.24,5.17639e-07
41.25,5.14806e-07
41.26,5.11987e-07
41.27,5.09184e-07
41.28,5.06394e-07
41.29,5.0362e-07
41.3,5.0086e-07
41.31,4.98114e-07
41.32,4.95383e-07
41.33,4.92666e-07
41.34,4.89964e-07
41.35,4.87275e-07
41.36,4.84601e-07
41.37,4.8194e-07
41.38,4.79294e-07
41.39,4.76661e-07
41.4,4.74042e-07
41.41,4.71437e-07
41.42,4.68845e-07
41.43,4.66267e-07
41.44,4.63703e-07
41.45,4.61152e-07
41.46,4.58615e-07
41.47,4.5609e-07
41.48,4.53579e-07
41.49,4.51082e-07
41.5,4.48597e-07
41.51,4.46125e-07
41.52,4.43667e-07
41.53,4.41221e-07
41.54,4.38788e-07
41.55,4.36369e-07
41.56,4.33961e-07
41.57,4.31567e-07
41.58,4.29185e-07
41.59,4.26815e-07
41.6,4.24458e-07
41.61,4.22114e-07
41.62,4.19782e-07
41.63,4.17462e-07
41.64,4.15154e-07
41.65,4.12859e-07
41.66,4.10576e-07
41.67,4.08304e-07
41.68,4.06045e-07
41.69,4.03798e-07
41.7,4.01562e-07
41.71,3.99339e-07
41.72,3.97127e-07
41.73,3.94927e-07
41.74,3.92738e-07
41.75,3.90561e-07
41.76,3.88396e-07
41.77,3.86242e-07
41.78,3.84099e-07
41.79,3.81968e-07
41.8,3.79848e-07
41.81,3.77739e-07
41.82,3.75642e-07
41.83,3.73556e-07
41.84,3.7148e-07
41.85,3.69416e-07
41.86,3.67363e-07
41.87,3.6532e-07
41.88,3.63289e-07
41.89,3.61268e-07
41.9,3.59258e-07
41.91,3.57258e-07
41.92,3.5527e-07
41.93,3.53291e-07
41.94,3.51324e-07
41.95,3.49367e-07
41.96,3.4742e-07
41.97,3.45483e-07
41.98,3.43557e-07
41.99,3.41642e-07
42,3.39736e-07
42.01,3.3784e-07
42.02,3.35955e-07
42.03,3.3408e-07
42.04,3.32214e-07
42.05,3.30359e-07
42.06,3.28514e-07
42.07,3.26678e-07
42.08,3.24852e-07
42.09,3.23036e-07
42.1,3.2123e-07
42.11,3.19433e-07
42.12,3.17646e-07
42.13,3.15869e-07
42.14,3.141e-07
42.15,3.12342e-07
42.16,3.10593e-07
42.17,3.08853e-07
42.18,3.07122e-07
42.19,3.05401e-07
42.2,3.03689e-07
42.21,3.01986e-07
42.22,3.00293e-07
42.23,2.98608e-07
42.24,2.96933e-07
42.25,2.95266e-07
42.26,2.93608e-07
42.27,2.9196e-07
42.28,2.9032e-07
42.29,2.88689e-07
42.3,2.87066e-07
42.31,2.85453e-07
42.32,2.83848e-07
42.33,2.82251e-07
42.34,2.80664e-07
42.35,2.79084e-07
42.36,2.77514e-07
42.37,2.75952e-07
42.38,2.74398e-07
42.39,2.72852e-07
42.4,2.71315e-07
42.41,2.69786e-07
42.42,2.68266e-07
42.43,2.66753e-07
42.44,2.65249e-07
42.45,2.63753e-07
42.46,2.62265e-07
42.47,2.60785e-07
42.48,2.59313e-07
42.49,2.57848e-07
42.5,2.56392e-07
42.51,2.54944e-07
42.52,2.53503e-07
42.53,2.52071e-07
42.54,2.50646e-07
42.55,2.49228e-07
42.56,2.47819e-07
42.57,2.46417e-07
42.58,2.45022e-07
42.59,2.43636e-07
42.6,2.42256e-07
42.61,2.40884e-07
42.62,2.3952e-07
42.63,2.38163e-07
42.64,2.36813e-07
42.65,2.35471e-07
42.66,2.34136e-07
42.67,2.32808e-07
42.68,2.31487e-07
42.69,2.30174e-07
42.7,2.28868e-07
42.71,2.27568e-07
42.72,2.26276e-07
42.73,2.24991e-07
42.74,2.23713e-07
42.75,2.22442e-07
42.76,2.21177e-07
42.77,2.1992e-07
42.78,2.18669e-07
42.79,2.17426e-07
42.8,2.16189e-07
42.81,2.14958e-07
42.82,2.13735e-07
42.83,2.12518e-07
42.84,2.11307e-07
42.85,2.10104e-07
42.86,2.08907e-07
42.87,2.07716e-07
42.88,2.06532e-07
42.89,2.05354e-07
42.9,2.04183e-07
42.91,2.03018e-07
42.92,2.0186e-07
42.93,2.00708e-07
42.94,1.99562e-07
42.95,1.98423e-07
42.96,1.97289e-07
42.97,1.96162e-07
42.98,1.95041e-07
42.99,1.93926e-07
43,1.92818e-07
43.01,1.91715e-07
43.02,1.90618e-07
43.03,1.89528e-07
43.04,1.88443e-07
43.05,1.87364e-07
43.06,1.86292e-07
43.07,1.85225e-07
43.08,1.84164e-07
43.09,1.83109e-07
43.1,1.82059e-07
43.11,1.81015e-07
43.12,1.79978e-07
43.13,1.78945e-07
43.14,1.77919e-07
43.15,1.76898e-07
43.16,1.75883e-07
43.17,1.74873e-07
43.18,1.73869e-07
43.19,1.7287e-07
43.2,1.71877e-07
43.21,1.70889e-07
43.22,1.69907e-07
43.23,1.6893e-07
43.24,1.67959e-07
43.25,1.66993e-07
43.26,1.66032e-07
43.27,1.65076e-07
43.28,1.64126e-07
43.29,1.63181e-07
43.3,1.62241e-07
43.31,1.61307e-07
43.32,1.60377e-07
43.33,1.59453e-07
43.34,1.58534e-07
43.35,1.5762e-07
43.36,1.56711e-07
43.37,1.55807e-07
43.38,1.54908e-07
43.39,1.54014e-07
43.4,1.53124e-07
43.41,1.5224e-07
43.42,1.51361e-07
43.43,1.50487e-07
43.44,1.49617e-07
43.45,1.48752e-07
43.46,1.47892e-07
43.47,1.47037e-07
43.48,1.46187e-07
43.49,1.45341e-07
43.5,1.445e-07
43.51,1.43663e-07
43.52,1.42832e-07
43.53,1.42004e-07
43.54,1.41182e-07
43.55,1.40364e-07
43.56,1.3955e-07
43.57,1.38741e-07
43.58,1.37937e-07
43.59,1.37137e-07
43.6,1.36342e-07
43.61,1.35551e-07
43.62,1.34764e-07
43.63,1.33982e-07
43.64,1.33204e-07
43.65,1.3243e-07
43.66,1.31661e-07
43.67,1.30896e-07
43.68,1.30135e-07
43.69,1.29378e-07
43.7,1.28626e-07
43.71,1.27878e-07
43.72,1.27134e-07
43.73,1.26394e-07
43.74,1.25659e-07
43.75,1.24927e-07
43.76,1.242e-07
43.77,1.23476e-07
43.78,1.22757e-07
43.79,1.22041e-07
43.8,1.2133e-07
43.81,1.20623e-07
43.82,1.19919e-07
43.83,1.1922e-07
43.84,1.18524e-07
43.85,1.17833e-07
43.86,1.17145e-07
43.87,1.16461e-07
43.88,1.15781e-07
43.89,1.15105e-07
43.9,1.14432e-07
43.91,1.13763e-07
43.92,1.13098e-07
43.93,1.12437e-07
43.94,1.11779e-07
43.95,1.11126e-07
43.96,1.10475e-07
43.97,1.09829e-07
43.98,1.09186e-07
43.99,1.08547e-07
44,1.07911e-07
44.01,1.07279e-07
44.02,1.0665e-07
44.03,1.06025e-07
44.04,1.05404e-07
44.05,1.04786e-07
44.06,1.04171e-07
44.07,1.0356e-07
44.08,1.02952e-07
44.09,1.02348e-07
44.1,1.01747e-07
44.11,1.0115e-07
44.12,1.00556e-07
44.13,9.9965e-08
44.14,9.93776e-08
44.15,9.87935e-08
44.16,9.82127e-08
44.17,9.76352e-08
44.18,9.7061e-08
44.19,9.64899e-08
44.2,9.59222e-08
44.21,9.53576e-08
44.22,9.47962e-08
44.23,9.4238e-08
44.24,9.36829e-08
44.25,9.3131e-08
44.26,9.25822e-08
44.27,9.20365e-08
44.28,9.14939e-08
44.29,9.09544e-08
44.3,9.04179e-08
44.31,8.98844e-08
44.32,8.9354e-08
44.33,8.88266e-08
44.34,8.83022e-08
44.35,8.77807e-08
44.36,8.72622e-08
44.37,8.67467e-08
44.38,8.62341e-08
44.39,8.57243e-08
44.4,8.52175e-08
44.41,8.47136e-08
44.42,8.42125e-08
44.43,8.37142e-08
44.44,8.32188e-08
44.45,8.27262e-08
44.46,8.22365e-08
44.47,8.17494e-08
44.48,8.12652e-08
44.49,8.07837e-08
44.5,8.0305e-08
44.51,7.9829e-08
44.52,7.93557e-08
44.53,7.88851e-08
44.54,7.84171e-08
44.55,7.79519e-08
44.56,7.74893e-08
44.57,7.70293e-08
44.58,7.65719e-08
44.59,7.61172e-08
44.6,7.5665e-08
44.61,7.52155e-08
44.62,7.47685e-08
44.63,7.4324e-08
44.64,7.38821e-08
44.65,7.34427e-08
44.66,7.30059e-08
44.67,7.25715e-08
44.68,7.21396e-08
44.69,7.17102e-08
44.7,7.12832e-08
44.71,7.08587e-08
44.72,7.04366e-08
44.73,7.00169e-08
44.74,6.95996e-08
44.75,6.91848e-08
44.76,6.87722e-08
44.77,6.83621e-08
44.78,6.79543e-08
44.79,6.75489e-08
44.8,6.71457e-08
44.81,6.67449e-08
44.82,6.63464e-08
44.83,6.59502e-08
44.84,6.55562e-08
44.85,6.51645e-08
44.86,6.47751e-08
44.87,6.43878e-08
44.88,6.40029e-08
44.89,6.36201e-08
44.9,6.32395e-08
44.91,6.28611e-08
44.92,6.24849e-08
44.93,6.21109e-08
44.94,6.1739e-08
44.95,6.13693e-08
44.96,6.10016e-08
44.97,6.06361e-08
44.98,6.02727e-08
44.99,5.99114e-08
45,5.95522e-08
45.01,5.91951e-08
45.02,5.884e-08
45.03,5.84869e-08
45.04,5.81359e-08
45.05,5.77869e-08
45.06,5.744e-08
45.07,5.7095e-08
45.08,5.6752e-08
45.09,5.64111e-08
45.1,5.6072e-08
45.11,5.5735e-08
45.12,5.53999e-08
45.13,5.50667e-08
45.14,5.47355e-08
45.15,5.44061e-08
45.16,5.40787e-08
45.17,5.37532e-08
45.18,5.34295e-08
45.19,5.31078e-08
45.2,5.27879e-08
45.21,5.24698e-08
45.22,5.21536e-08
45.23,5.18392e-08
45.24,5.15267e-08
45.25,5.12159e-08
45.26,5.0907e-08
45.27,5.05998e-08
45.28,5.02945e-08
45.29,4.99909e-08
45.3,4.96891e-08
45.31,4.9389e-08
45.32,4.90906e-08
45.33,4.87941e-08
45.34,4.84992e-08
45.35,4.8206e-08
45.36,4.79146e-08
45.37,4.76248e-08
45.38,4.73367e-08
45.39,4.70503e-08
45.4,4.67656e-08
45.41,4.64825e-08
45.42,4.62011e-08
45.43,4.59213e-08
45.44,4.56432e-08
45.45,4.53667e-08
45.46,4.50917e-08
45.47,4.48184e-08
45.48,4.45467e-08
45.49,4.42766e-08
45.5,4.4008e-08
45.51,4.3741e-08
45.52,4.34756e-08
45.53,4.32117e-08
45.54,4.29494e-08
45.55,4.26885e-08
45.56,4.24293e-08
45.57,4.21715e-08
45.58,4.19152e-08
45.59,4.16605e-08
45.6,4.14072e-08
45.61,4.11554e-08
45.62,4.09051e-08
45.63,4.06562e-08
45.64,4.04088e-08
45.65,4.01629e-08
45.66,3.99184e-08
45.67,3.96753e-08
45.68,3.94337e-08
45.69,3.91935e-08
45.7,3.89546e-08
45.71,3.87172e-08
45.72,3.84812e-08
45.73,3.82465e-08
45.74,3.80133e-08
45.75,3.77814e-08
45.76,3.75509e-08
45.77,3.73217e-08
45.78,3.70938e-08
45.79,3.68674e-08
45.8,3.66422e-08
45.81,3.64184e-08
45.82,3.61958e-08
45.83,3.59746e-08
45.84,3.57547e-08
45.85,3.55361e-08
45.86,3.53188e-08
45.87,3.51027e-08
45.88,3.4888e-08
45.89,3.46745e-08
45.9,3.44622e-08
45.91,3.42512e-08
45.92,3.40415e-08
45.93,3.38329e-08
45.94,3.36256e-08
45.95,3.34196e-08
45.96,3.32147e-08
45.97,3.30111e-08
45.98,3.28087e-08
45.99,3.26074e-08
46,3.24074e-08
46.01,3.22085e-08
46.02,3.20108e-08
46.03,3.18143e-08
46.04,3.16189e-08
46.05,3.14247e-08
46.06,3.12317e-08
46.07,3.10397e-08
46.08,3.0849e-08
46.09,3.06593e-08
46.1,3.04708e-08
46.11,3.02834e-08
46.12,3.00971e-08
46.13,2.99119e-08
46.14,2.97278e-08
46.15,2.95448e-08
46.16,2.93629e-08
46.17,2.9182e-08
46.18,2.90022e-08
46.19,2.88235e-08
46.2,2.86459e-08
46.21,2.84693e-08
46.22,2.82938e-08
46.23,2.81193e-08
46.24,2.79458e-08
46.25,2.77734e-08
46.26,2.7602e-08
46.27,2.74316e-08
46.28,2.72623e-08
46.29,2.70939e-08
46.3,2.69265e-08
46.31,2.67602e-08
46.32,2.65948e-08
46.33,2.64304e-08
46.34,2.6267e-08
46.35,2.61046e-08
46.36,2.59431e-08
46.37,2.57826e-08
46.38,2.56231e-08
46.39,2.54645e-08
46.4,2.53068e-08
46.41,2.51501e-08
46.42,2.49944e-08
46.43,2.48395e-08
46.44,2.46856e-08
46.45,2.45326e-08
46.46,2.43805e-08
46.47,2.42294e-08
46.48,2.40791e-08
